0.010 0.02 0.01 0.00 2.77 -1.38 5.78
0.010 0.02 0.02 -0.01 2.81 -1.20 6.17
0.010 0.02 0.02 -0.01 2.79 -0.31 5.64
0.010 0.01 -0.00 0.00 3.19 0.15 4.93
0.010 0.00 0.01 -0.01 2.53 -0.14 4.83
0.010 0.01 0.01 -0.01 1.52 -0.54 5.65
0.010 0.03 0.01 -0.01 0.56 0.25 6.04
0.010 0.03 -0.00 -0.01 -0.61 2.06 6.21
0.010 0.02 0.01 0.01 -1.46 2.64 6.67
0.010 0.02 0.01 -0.00 -2.48 2.25 7.75
0.010 0.03 0.02 -0.01 -3.02 1.97 9.42
0.010 0.01 0.01 0.01 -2.43 1.55 9.67
0.010 0.01 0.01 0.01 -2.27 1.51 8.75
0.010 0.01 0.00 0.01 -2.34 0.42 8.62
0.010 0.02 -0.01 -0.00 -2.21 -1.22 7.89
0.010 0.03 -0.00 -0.00 -1.76 -0.98 6.33
0.010 0.02 0.00 -0.00 -0.49 1.53 5.06
0.010 0.02 0.01 0.00 -0.09 3.31 5.35
0.010 0.01 0.01 0.00 -0.32 3.33 7.07
0.010 0.01 -0.00 -0.01 -0.90 1.88 7.93
0.010 0.02 -0.00 -0.01 -1.71 -0.74 8.44
0.010 0.03 -0.01 -0.00 -2.01 -0.77 8.49
0.010 0.03 -0.01 -0.00 -1.47 0.06 7.93
0.010 0.02 -0.00 0.00 -0.58 -0.72 8.62
0.010 0.02 0.01 -0.02 -0.18 -0.59 8.11
0.010 0.01 -0.00 -0.01 0.76 -0.08 7.11
0.010 0.02 -0.00 -0.01 1.73 -0.79 6.94
0.010 0.03 0.00 -0.01 1.33 -1.13 6.62
0.010 0.02 0.00 -0.01 1.58 0.06 6.60
0.010 0.03 0.01 -0.02 1.55 1.91 7.72
0.010 0.03 0.00 -0.00 0.72 1.90 8.49
0.010 0.01 -0.00 -0.01 0.14 -0.63 8.70
0.010 0.00 -0.01 -0.01 -0.42 -1.92 8.33
0.010 0.01 -0.01 -0.02 -0.72 -0.30 7.84
0.010 0.01 -0.00 -0.01 -1.73 1.72 8.88
0.010 0.01 -0.00 -0.00 -1.86 1.40 9.58
0.010 0.02 0.00 -0.00 -2.03 0.78 10.35
0.010 0.02 -0.01 -0.00 -2.35 -0.57 9.37
0.010 -0.00 -0.01 -0.01 -1.13 -1.17 8.49
0.010 0.01 -0.00 -0.02 -1.33 -0.35 9.01
0.011 0.02 -0.01 -0.02 -2.20 1.35 8.76
0.010 0.00 -0.01 -0.01 -2.10 1.37 7.33
0.010 0.02 -0.01 0.00 -1.98 1.11 5.92
0.010 0.01 -0.01 0.00 -2.31 1.00 5.72
0.010 0.01 -0.00 -0.00 -2.74 0.37 6.77
0.010 0.01 0.01 0.00 -3.10 0.35 6.90
0.010 0.01 0.00 0.01 -2.65 0.61 7.14
0.010 0.02 -0.00 0.00 -2.21 1.01 7.17
0.010 0.01 -0.01 -0.01 -0.86 1.23 7.02
0.010 0.01 0.00 0.00 -0.69 0.48 8.30
0.010 0.01 -0.00 -0.00 -1.31 0.27 9.25
0.010 0.02 -0.01 0.01 -0.88 -0.01 9.17
0.010 0.02 -0.01 0.01 -1.08 -1.03 9.11
0.010 0.02 -0.01 0.01 -1.42 -1.49 8.43
0.010 0.01 -0.01 0.01 -0.76 -2.33 8.36
0.010 0.03 -0.00 0.00 -0.19 -1.97 9.89
0.010 0.02 0.00 0.01 -0.57 -2.47 10.25
0.010 0.01 0.00 0.01 0.01 -3.14 9.65
0.010 0.02 0.00 -0.01 1.13 -2.91 9.56
0.010 0.01 -0.01 0.00 1.38 -3.02 7.69
0.010 0.01 -0.03 -0.01 1.56 -3.25 5.58
0.010 0.02 -0.01 -0.01 2.42 -1.97 4.88
0.010 0.00 0.00 -0.01 2.60 -0.58 5.29
0.010 0.01 -0.00 -0.00 1.86 -0.35 7.37
0.010 0.02 -0.02 0.00 1.42 -2.18 8.24
0.010 0.03 -0.02 0.00 1.81 -3.95 7.49
0.010 0.04 -0.02 0.01 2.80 -3.63 6.52
0.010 0.04 0.00 -0.01 2.63 -3.20 7.12
0.010 0.01 -0.01 -0.00 2.84 -2.58 7.85
0.010 0.01 -0.02 -0.01 2.56 -1.31 6.42
0.010 -0.01 -0.04 -0.01 2.21 -1.82 4.78
0.010 0.01 -0.01 -0.01 0.98 -2.72 4.57
0.010 0.03 -0.01 0.00 -0.38 -1.26 6.74
0.010 0.03 -0.01 -0.00 -1.53 -0.04 7.78
0.011 0.01 -0.02 0.02 -1.84 -0.89 7.89
0.010 0.03 -0.02 0.01 -1.78 -2.20 7.75
0.010 0.04 -0.02 0.01 -1.76 -2.42 7.77
0.010 0.03 -0.01 0.01 -1.62 -2.10 8.88
0.010 0.02 0.00 0.01 -1.44 -1.94 10.18
0.010 0.02 -0.01 -0.02 -1.37 -1.16 10.37
0.010 0.00 -0.01 0.01 -0.08 -1.05 9.41
0.010 0.01 -0.01 -0.01 0.69 -1.30 8.17
0.010 0.01 -0.01 -0.00 0.57 -1.16 8.49
0.010 0.03 -0.02 -0.01 -0.13 -0.56 7.84
0.010 0.03 -0.04 0.00 -0.30 -0.36 5.71
0.010 0.03 -0.02 -0.01 -0.06 0.23 4.94
0.010 0.02 -0.01 -0.01 -0.20 0.28 6.20
0.010 0.02 -0.00 -0.01 -0.63 -0.12 7.82
0.010 0.02 -0.01 -0.00 -1.17 -1.02 9.55
0.010 0.03 -0.03 0.00 -1.21 -1.76 10.32
0.010 0.03 -0.03 -0.01 -1.40 -1.36 10.82
0.011 0.01 -0.02 -0.00 -1.40 -1.41 11.40
0.010 0.01 -0.01 -0.01 -1.50 -1.54 11.83
0.010 0.02 -0.01 -0.01 -1.19 -0.11 10.97
0.010 0.02 -0.02 -0.02 -0.53 1.94 9.17
0.010 0.01 -0.02 -0.02 0.34 2.44 8.21
0.010 0.01 -0.01 -0.01 0.12 1.69 7.65
0.010 0.03 -0.01 0.01 -0.24 0.42 8.37
0.010 0.04 -0.02 -0.01 -0.40 0.12 9.04
0.010 0.02 -0.02 -0.00 -0.43 -0.58 8.89
0.010 0.01 -0.01 0.00 0.49 -0.71 9.46
0.010 0.02 -0.00 -0.01 1.20 -0.33 10.20
0.010 0.02 -0.01 -0.01 1.80 0.18 10.49
0.010 0.02 -0.03 -0.00 2.30 1.37 8.46
0.010 0.02 -0.05 -0.00 2.79 1.69 7.29
0.010 0.02 -0.03 -0.00 2.61 0.42 6.86
0.010 0.03 -0.02 -0.00 1.98 -0.74 6.31
0.010 0.03 -0.02 0.00 1.74 -1.06 6.77
0.010 0.02 -0.01 -0.01 1.02 -0.26 7.69
0.010 0.01 -0.03 0.01 0.33 -0.18 7.19
0.010 0.02 -0.02 0.00 0.62 -0.78 5.84
0.010 0.03 -0.02 0.00 1.37 -0.59 5.72
0.010 0.02 -0.02 0.01 1.87 -0.68 5.59
0.010 0.01 -0.02 0.02 2.08 -1.05 5.43
0.010 0.01 -0.02 -0.01 1.85 -1.38 6.52
0.010 0.01 -0.01 -0.01 1.11 -0.82 8.98
0.010 0.01 -0.01 -0.00 0.20 -0.26 10.57
0.010 0.01 -0.02 0.01 -0.08 -0.46 10.62
0.010 0.02 -0.03 0.01 -0.18 -1.89 9.70
0.010 0.04 -0.01 0.01 0.42 -3.13 9.49
0.010 0.03 -0.02 0.01 0.89 -2.38 9.38
0.010 0.02 -0.01 0.01 1.49 -1.90 9.08
0.010 0.01 -0.02 0.00 2.10 -2.51 9.72
0.010 0.02 -0.02 -0.01 1.93 -2.89 9.96
0.010 0.01 -0.02 -0.01 2.57 -2.58 8.85
0.011 0.02 -0.02 -0.00 2.30 -1.85 10.54
0.010 0.02 -0.01 0.00 1.42 -1.72 11.75
0.010 0.04 -0.02 0.00 0.89 -2.36 10.99
0.010 0.02 -0.03 0.01 0.77 -2.41 10.50
0.010 0.01 -0.02 -0.01 1.04 -1.91 10.52
0.010 0.02 -0.02 -0.00 1.13 -1.71 10.51
0.010 0.02 -0.02 0.01 1.15 -1.44 9.88
0.010 0.02 -0.01 0.00 1.74 -1.33 9.65
0.010 0.02 -0.01 0.00 2.09 -0.91 9.03
0.010 0.01 -0.02 0.00 3.36 -1.07 7.98
0.010 0.01 -0.01 0.00 4.14 -2.04 8.14
0.010 0.01 -0.02 -0.00 3.75 -2.78 9.80
0.010 0.03 -0.02 0.01 3.17 -3.42 10.33
0.010 0.03 -0.02 0.00 2.89 -3.50 10.63
0.010 0.02 -0.03 -0.01 2.60 -2.27 10.88
0.010 0.01 -0.03 -0.00 3.29 -1.15 9.30
0.010 0.02 -0.03 -0.02 3.66 -0.93 7.33
0.011 0.02 -0.02 -0.00 2.97 -0.49 7.69
0.010 0.02 -0.03 -0.00 2.37 0.15 7.48
0.010 0.01 -0.01 -0.01 2.47 0.71 6.94
0.010 0.02 -0.01 -0.02 2.53 2.00 7.71
0.010 0.03 -0.02 -0.02 2.61 3.35 9.91
0.010 0.03 -0.01 -0.01 2.09 2.64 10.31
0.010 0.03 -0.02 -0.00 1.40 1.46 10.43
0.010 0.04 -0.04 -0.01 0.64 0.48 9.35
0.010 0.03 -0.04 -0.00 -0.11 -0.71 7.36
0.010 0.02 -0.02 -0.01 -0.65 0.17 7.49
0.010 0.01 -0.01 -0.02 -1.04 2.42 8.69
0.010 0.00 -0.01 -0.00 -1.10 2.67 8.94
0.010 0.02 -0.02 -0.01 -1.04 3.00 9.29
0.010 0.04 -0.02 -0.01 -0.38 3.44 9.17
0.010 0.03 -0.02 -0.00 -0.15 3.32 8.98
0.010 0.02 -0.02 -0.01 -0.57 2.67 8.72
0.010 0.02 -0.02 -0.01 -1.08 2.48 8.65
0.010 0.02 -0.01 -0.01 -1.08 2.48 8.61
0.010 0.02 -0.00 -0.01 -0.64 2.86 9.54
0.010 0.02 -0.01 -0.00 0.06 2.53 10.85
0.010 0.02 -0.01 0.00 0.89 1.19 11.17
0.010 0.02 -0.02 -0.00 1.18 0.31 9.88
0.010 0.02 -0.02 0.00 1.66 0.58 8.68
0.010 0.02 -0.02 -0.01 2.94 1.51 6.34
0.010 0.01 -0.02 -0.00 2.62 2.27 5.75
0.010 0.00 -0.02 0.01 2.39 0.71 6.72
0.010 0.03 -0.02 -0.01 1.88 0.52 7.17
0.010 0.02 -0.03 -0.00 1.34 1.00 8.03
0.010 0.01 -0.02 -0.00 1.60 0.97 8.98
0.010 0.02 -0.01 -0.01 1.57 0.86 9.54
0.010 0.01 -0.02 0.01 1.73 0.65 9.41
0.010 0.01 -0.03 0.01 2.24 0.01 9.14
0.010 0.02 -0.02 -0.00 2.11 0.20 9.54
0.010 0.01 -0.03 -0.00 2.50 -0.22 9.85
0.011 -0.00 -0.02 -0.00 2.64 -0.76 9.51
0.010 0.01 -0.02 -0.00 2.40 -0.68 10.11
0.010 0.00 -0.03 -0.01 1.58 -0.55 10.88
0.010 -0.00 -0.02 -0.00 0.55 -0.78 11.45
0.010 0.00 -0.02 -0.01 -0.06 -0.16 11.07
0.010 0.01 -0.03 -0.01 -0.47 1.00 10.30
0.010 0.01 -0.02 0.00 -1.26 0.63 10.84
0.010 0.02 -0.01 0.01 -2.06 -0.43 11.78
0.010 0.02 -0.02 0.01 -2.36 -0.23 13.18
0.010 0.01 -0.01 0.01 -2.17 -0.14 13.47
0.010 0.01 -0.02 0.00 -1.45 -0.57 12.91
0.010 0.02 -0.02 -0.01 -0.49 -1.07 13.64
0.010 0.01 -0.02 -0.00 0.02 -1.13 13.16
0.010 0.02 -0.03 0.01 -0.19 -1.50 12.58
0.010 0.02 -0.03 0.01 0.04 -2.33 10.69
0.010 0.02 -0.05 -0.00 0.11 -2.34 8.75
0.010 0.02 -0.04 0.00 1.17 -3.36 6.23
0.011 0.01 -0.00 -0.01 2.04 -3.56 6.11
0.010 0.02 -0.01 -0.01 1.88 -2.87 8.33
0.010 0.02 -0.01 -0.01 2.37 -2.97 9.98
0.010 0.02 -0.02 -0.01 2.47 -3.33 9.29
0.010 0.02 -0.03 -0.01 1.84 -3.59 8.48
0.010 0.02 -0.04 -0.01 1.36 -2.09 7.43
0.010 0.01 -0.03 -0.02 1.93 -0.70 7.00
0.010 -0.00 -0.00 -0.02 1.11 -0.65 9.23
0.010 0.01 -0.01 -0.01 0.94 -0.74 12.52
0.010 0.03 -0.01 -0.00 1.24 -0.56 13.78
0.010 0.04 -0.02 -0.01 2.05 -0.46 13.95
0.010 0.03 -0.03 -0.01 2.45 -1.72 12.02
0.010 0.02 -0.03 0.00 4.05 -2.17 8.95
0.010 0.02 -0.02 -0.01 4.51 -1.60 7.33
0.010 -0.00 -0.01 -0.01 4.09 -1.68 7.68
0.010 0.02 -0.01 -0.01 3.28 -1.08 8.61
0.010 0.03 -0.03 -0.01 2.58 0.28 7.59
0.010 0.01 -0.04 -0.00 1.38 -0.05 7.08
0.010 0.01 -0.03 0.01 -0.11 -1.36 7.43
0.010 0.04 0.01 0.00 -0.87 -1.07 9.35
0.010 0.03 -0.00 -0.01 -0.89 -0.05 11.33
0.010 0.01 -0.02 0.00 -0.44 -0.94 11.88
0.010 0.01 -0.01 0.01 0.53 -1.95 11.62
0.010 0.04 0.00 -0.01 2.28 -1.13 12.38
0.010 0.03 -0.01 0.00 2.52 -0.13 12.96
0.010 0.02 -0.04 0.01 2.21 -1.54 11.54
0.010 0.03 -0.04 0.00 2.56 -3.42 9.94
0.010 0.02 -0.03 -0.01 1.61 -4.09 9.31
0.010 0.03 -0.04 0.00 1.65 -4.31 8.74
0.010 0.02 -0.02 0.00 1.96 -3.67 8.48
0.010 0.03 -0.03 -0.01 1.58 -2.97 8.75
0.010 0.01 -0.04 -0.00 1.01 -2.64 9.31
0.010 0.01 -0.03 -0.00 0.95 -2.88 8.44
0.010 0.02 -0.01 -0.02 0.65 -3.31 8.72
0.011 0.02 -0.01 -0.00 0.20 -3.12 10.62
0.010 0.03 -0.02 -0.00 0.26 -2.48 11.62
0.010 0.01 -0.03 -0.01 1.39 -2.61 10.99
0.010 0.01 -0.03 0.00 1.11 -3.07 10.83
0.010 0.02 -0.04 -0.00 0.48 -2.80 10.82
0.010 0.02 -0.03 -0.00 -0.15 -3.07 10.59
0.010 0.02 -0.02 -0.00 -1.17 -3.62 11.74
0.010 0.02 -0.04 -0.01 -1.66 -2.78 13.07
0.010 0.02 -0.04 -0.02 -1.38 -1.37 11.77
0.010 0.02 -0.03 -0.01 -0.88 -0.94 10.63
0.010 0.02 -0.03 -0.01 -0.11 -0.62 9.93
0.010 0.03 -0.03 -0.00 0.77 -0.85 8.63
0.010 0.03 -0.04 -0.01 0.84 -1.20 7.19
0.010 0.03 -0.03 -0.01 0.69 -1.42 6.45
0.010 0.03 -0.04 -0.01 0.68 -0.62 5.97
0.010 0.03 -0.01 -0.01 0.51 -0.68 6.52
0.010 0.03 -0.00 -0.01 0.58 -0.49 8.01
0.011 0.02 0.01 -0.01 1.31 -1.07 10.27
0.010 0.03 0.01 -0.01 1.73 -1.65 12.52
0.010 0.04 -0.00 -0.01 2.38 -1.49 14.33
0.010 0.02 -0.01 -0.01 1.97 -1.58 14.20
0.010 0.02 -0.03 -0.01 1.67 -1.49 12.48
0.010 0.04 -0.03 -0.01 2.12 -0.82 10.79
0.010 0.03 -0.01 -0.01 2.85 0.13 8.69
0.010 0.03 -0.02 -0.01 3.58 0.70 7.92
0.010 0.02 -0.01 0.01 4.31 0.25 7.40
0.010 0.03 -0.01 -0.02 3.82 0.05 7.96
0.010 0.03 -0.01 -0.01 3.69 0.36 9.16
0.010 0.03 -0.01 -0.02 3.91 0.63 9.58
0.010 0.03 -0.01 -0.01 3.85 0.41 10.24
0.010 0.02 -0.01 -0.02 3.40 0.08 10.95
0.010 0.03 -0.02 -0.01 2.91 0.59 11.37
0.010 0.02 -0.02 -0.03 2.56 1.51 10.84
0.010 0.01 -0.03 -0.02 1.54 1.50 10.59
0.010 0.01 -0.02 -0.01 0.92 1.02 10.63
0.010 0.03 -0.02 -0.01 1.34 1.42 11.13
0.010 0.03 -0.01 -0.00 1.73 2.54 11.82
0.010 0.03 -0.02 0.01 2.51 2.64 12.64
0.010 0.04 -0.03 0.01 3.04 1.43 12.13
0.010 0.03 -0.03 0.01 3.11 -0.34 11.53
0.010 0.03 -0.03 0.01 2.65 -1.99 10.37
0.010 0.02 -0.03 0.01 2.11 -1.75 10.27
0.010 0.03 -0.04 -0.01 0.87 -1.35 10.28
0.010 0.02 -0.03 0.01 0.06 -2.50 9.53
0.010 0.01 -0.03 0.01 -0.85 -2.67 9.23
0.010 0.03 -0.02 0.01 -1.43 -2.00 10.25
0.010 0.04 -0.02 0.01 -1.72 -1.45 11.87
0.010 0.03 -0.03 0.00 -1.63 -1.64 12.27
0.010 0.03 -0.03 0.00 -1.76 -2.60 11.76
0.010 0.04 -0.03 0.01 -2.04 -3.11 10.95
0.010 0.04 -0.03 0.00 -1.45 -2.43 8.82
0.011 0.03 -0.02 0.01 -0.80 -2.26 8.08
0.010 0.03 -0.02 0.00 -1.08 -2.32 8.74
0.010 0.01 -0.02 -0.01 -2.11 -5.33 9.51
0.010 0.03 -0.04 -0.00 -3.18 -5.67 9.73
0.010 0.05 -0.04 -0.01 -3.68 -3.66 9.75
0.010 0.03 -0.03 -0.01 -4.25 -2.68 10.11
0.010 0.02 -0.02 -0.01 -3.83 -3.95 11.41
0.010 0.03 -0.01 -0.01 -3.16 -3.77 12.76
0.010 0.03 -0.02 -0.02 -2.77 -3.03 13.65
0.010 0.02 -0.02 -0.02 -2.64 -3.51 14.10
0.010 0.04 -0.03 -0.01 -3.10 -3.83 13.66
0.010 0.04 -0.06 -0.02 -2.84 -2.59 11.82
0.010 0.01 -0.05 -0.02 -2.89 -2.16 9.46
0.010 0.01 -0.04 -0.02 -3.40 -2.38 7.88
0.010 0.01 -0.04 -0.02 -3.35 -0.53 7.56
0.010 0.02 -0.01 -0.02 -2.25 1.93 8.41
0.010 0.04 -0.01 -0.02 -0.98 2.97 9.66
0.011 0.03 -0.03 -0.01 -0.93 1.50 10.59
0.010 0.04 -0.04 0.00 0.37 -0.17 10.44
0.010 0.04 -0.03 -0.00 1.31 -0.29 9.09
0.010 0.02 -0.03 -0.01 2.52 -0.75 7.58
0.010 0.03 -0.03 -0.01 3.73 -1.29 6.98
0.010 0.02 -0.04 -0.02 3.34 -0.26 6.91
0.010 0.04 -0.07 -0.00 3.22 1.10 6.44
0.010 0.02 -0.04 -0.01 2.90 1.59 5.13
0.010 0.03 -0.04 -0.00 2.22 1.81 5.25
0.010 0.04 -0.04 -0.01 1.14 2.80 6.40
0.010 0.04 -0.04 0.00 0.79 3.13 7.20
0.010 0.03 -0.04 -0.00 0.84 2.39 7.91
0.010 0.03 -0.03 0.01 1.33 1.36 8.30
0.010 0.03 -0.03 -0.00 1.11 0.18 8.69
0.010 0.04 -0.03 -0.00 1.89 -0.83 9.16
0.010 0.02 -0.03 0.00 3.44 -0.91 10.27
0.010 0.03 -0.02 -0.01 4.26 -0.84 11.92
0.010 0.03 -0.05 -0.01 3.22 -0.00 11.55
0.010 0.04 -0.07 -0.00 1.73 0.18 9.19
0.010 0.04 -0.06 0.00 -0.44 0.47 7.79
0.010 0.03 -0.05 -0.02 -3.02 0.62 7.48
0.010 0.03 -0.03 -0.01 -2.75 0.15 7.60
0.010 0.03 -0.02 -0.01 -1.34 0.51 7.78
0.010 0.03 -0.03 -0.00 0.07 1.09 8.78
0.010 0.05 -0.03 0.00 1.06 -0.13 8.80
0.010 0.05 -0.04 0.01 1.98 -3.00 7.87
0.010 0.04 -0.03 -0.01 2.44 -3.78 7.43
0.010 0.04 -0.03 -0.00 2.24 -3.80 7.57
0.010 0.03 -0.04 -0.00 2.05 -3.55 7.47
0.010 0.03 -0.04 -0.00 1.14 -2.97 7.65
0.010 0.03 -0.04 0.00 -0.76 -3.12 8.55
0.010 0.04 -0.04 0.01 -2.00 -3.50 8.92
0.010 0.04 -0.03 -0.01 -2.10 -2.44 9.01
0.010 0.03 -0.04 -0.01 -1.72 -1.55 9.13
0.011 0.03 -0.03 0.00 -1.01 -1.71 8.91
0.010 0.03 -0.02 -0.01 -0.85 -2.21 9.75
0.010 0.04 -0.04 -0.00 -0.61 -2.23 10.99
0.010 0.04 -0.03 -0.01 -0.02 -1.74 10.85
0.010 0.04 -0.03 -0.01 0.33 -1.91 10.53
0.010 0.04 -0.04 -0.01 -0.21 -2.33 10.20
0.010 0.04 -0.07 -0.01 -1.27 -3.28 8.27
0.010 0.03 -0.08 -0.02 -2.53 -2.92 6.42
0.010 0.02 -0.06 -0.02 -3.43 -1.09 6.02
0.010 0.01 -0.04 -0.01 -2.63 1.42 6.40
0.010 0.04 -0.02 -0.01 -1.86 2.35 6.58
0.010 0.04 -0.04 -0.01 -1.29 1.41 7.72
0.010 0.04 -0.04 -0.02 -1.15 -1.29 8.69
0.010 0.06 -0.03 -0.00 -0.31 -2.54 8.52
0.010 0.04 -0.04 0.01 1.08 -2.68 8.25
0.010 0.03 -0.04 0.00 2.24 -3.70 7.59
0.010 0.02 -0.06 -0.02 2.27 -4.55 6.50
0.011 0.01 -0.06 -0.02 2.05 -4.08 4.71
0.010 0.02 -0.05 -0.01 1.10 -1.94 3.98
0.010 0.04 -0.04 -0.02 -0.47 0.14 5.80
0.010 0.03 -0.04 -0.01 -1.79 0.73 7.69
0.010 0.04 -0.03 -0.02 -2.78 -0.51 9.21
0.010 0.05 -0.05 -0.00 -2.74 -2.19 10.07
0.010 0.04 -0.06 -0.01 -2.15 -2.42 9.38
0.010 0.02 -0.05 -0.00 -1.15 -2.45 7.55
0.010 0.02 -0.05 -0.02 -1.48 -2.25 6.74
0.010 0.03 -0.06 -0.00 -1.94 -1.18 6.99
0.010 0.04 -0.04 -0.02 -1.97 0.34 6.49
0.010 0.03 -0.06 -0.02 -2.69 1.06 6.09
0.010 0.03 -0.06 -0.00 -2.60 1.64 5.88
0.010 0.04 -0.05 -0.01 -2.27 1.41 5.28
0.010 0.04 -0.05 -0.01 -1.56 1.06 5.65
0.010 0.04 -0.04 0.00 -0.73 0.80 6.02
0.010 0.04 -0.04 -0.02 -0.05 0.70 6.20
0.010 0.04 -0.05 -0.01 0.61 -0.01 5.03
0.010 0.03 -0.06 -0.00 0.83 -0.39 3.27
0.010 0.03 -0.05 -0.01 1.15 0.18 3.11
0.010 0.03 -0.05 -0.02 0.56 0.83 2.85
0.010 0.02 -0.06 -0.01 -0.72 1.58 3.08
0.010 0.03 -0.04 -0.00 -1.74 2.06 4.42
0.010 0.05 -0.02 -0.02 -2.51 2.71 7.01
0.010 0.03 -0.03 -0.01 -2.02 2.32 8.93
0.010 0.03 -0.04 -0.02 0.21 1.45 8.45
0.010 0.04 -0.03 -0.02 1.21 2.00 7.50
0.010 0.05 -0.06 -0.01 1.48 3.21 7.38
0.010 0.03 -0.06 -0.02 0.46 2.15 5.94
0.010 0.02 -0.05 -0.02 0.48 0.74 4.77
0.010 0.03 -0.04 -0.01 0.34 2.06 5.02
0.010 0.03 -0.04 -0.02 0.56 4.50 7.04
0.010 0.02 -0.05 -0.01 0.50 3.49 7.67
0.010 0.03 -0.04 -0.01 0.69 1.68 7.79
0.011 0.04 -0.04 -0.01 0.82 3.00 8.48
0.010 0.02 -0.05 -0.02 1.10 3.38 9.26
0.010 0.02 -0.06 -0.02 1.12 1.31 8.72
0.010 0.02 -0.06 -0.03 0.97 1.37 7.74
0.010 0.01 -0.04 -0.01 0.96 2.30 7.95
0.010 0.00 -0.03 -0.02 0.90 3.32 9.00
0.010 0.03 -0.04 -0.02 0.14 4.77 11.37
0.010 0.00 -0.06 -0.01 -0.03 3.99 12.13
0.010 0.03 -0.06 -0.00 -0.67 2.83 11.81
0.010 0.03 -0.07 -0.00 -1.37 2.74 11.96
0.010 0.03 -0.07 0.00 -1.31 1.47 10.98
0.010 0.03 -0.05 -0.00 -1.20 0.43 10.47
0.010 0.03 -0.06 -0.01 -0.40 0.93 10.27
0.010 0.02 -0.06 -0.02 0.18 1.71 9.26
0.010 0.02 -0.06 -0.01 0.49 1.11 8.75
0.010 0.02 -0.06 -0.01 0.51 0.61 8.15
0.010 0.04 -0.05 0.00 0.95 1.67 8.91
0.011 0.03 -0.04 0.01 1.79 0.89 9.65
0.010 0.03 -0.05 -0.00 2.37 -0.13 10.24
0.010 0.02 -0.07 0.00 2.97 -0.73 10.20
0.010 0.02 -0.07 0.00 2.46 -1.58 9.73
0.010 0.02 -0.07 -0.00 0.89 -0.52 10.54
0.010 0.02 -0.06 -0.00 0.50 0.35 11.06
0.010 0.01 -0.05 0.00 1.18 -0.28 10.11
0.010 0.02 -0.06 0.01 1.31 -1.33 10.30
0.010 0.03 -0.07 0.02 0.28 -1.24 10.75
0.010 0.03 -0.09 0.02 0.35 -1.63 9.16
0.010 0.03 -0.08 0.01 0.95 -1.52 6.51
0.010 0.01 -0.06 0.01 0.98 -2.28 5.64
0.010 0.02 -0.05 0.00 0.44 -1.93 6.56
0.010 0.02 -0.06 0.01 0.98 -1.42 6.44
0.010 0.02 -0.06 0.01 1.63 -2.01 5.69
0.010 0.03 -0.06 -0.00 2.10 -3.50 5.11
0.010 0.03 -0.07 0.00 2.66 -4.36 4.27
0.010 0.02 -0.06 -0.00 2.92 -4.56 3.82
0.010 0.01 -0.08 0.00 1.21 -4.85 4.91
0.010 0.02 -0.08 -0.00 -1.76 -5.13 6.39
0.010 0.03 -0.07 0.00 -3.27 -5.40 6.99
0.010 0.02 -0.06 -0.00 -4.19 -4.37 6.99
0.010 0.02 -0.06 -0.01 -4.14 -2.73 7.11
0.010 0.02 -0.07 -0.00 -3.20 -2.39 6.35
0.010 0.01 -0.05 -0.01 -2.79 -2.69 6.69
0.010 0.02 -0.06 -0.01 -2.06 -2.13 7.03
0.010 0.02 -0.06 -0.01 -1.44 -2.13 7.33
0.010 0.03 -0.05 -0.00 -0.40 -2.20 6.91
0.010 0.03 -0.06 -0.01 -0.45 -2.39 9.08
0.010 0.03 -0.05 -0.00 -1.10 -3.75 12.23
0.010 0.03 -0.06 -0.01 -2.69 -4.29 13.66
0.010 0.03 -0.06 -0.01 -4.66 -3.88 17.04
0.010 0.03 -0.10 -0.04 -6.92 -1.26 17.89
0.010 0.03 -0.09 -0.01 -6.50 -0.28 15.58
0.011 0.03 -0.08 -0.00 -5.18 0.83 12.01
0.010 0.05 -0.06 -0.00 -4.68 3.53 11.69
0.010 0.04 -0.04 -0.00 -3.39 4.59 13.53
0.010 0.04 -0.05 0.00 -2.20 4.78 14.77
0.010 0.05 -0.07 0.01 -0.24 4.33 14.53
0.010 0.05 -0.08 -0.00 0.77 3.45 13.92
0.010 0.04 -0.09 0.00 1.56 0.32 12.24
0.010 0.05 -0.07 -0.01 2.40 -1.57 9.78
0.010 0.04 -0.09 -0.01 2.85 -1.27 6.79
0.010 0.01 -0.10 -0.02 2.25 -0.65 5.59
0.010 0.00 -0.09 -0.03 0.25 -0.92 4.89
0.010 0.01 -0.08 -0.02 -1.43 0.27 5.52
0.010 0.02 -0.08 -0.02 -2.79 3.09 7.70
0.010 0.02 -0.07 -0.01 -4.10 4.41 10.03
0.010 0.02 -0.08 -0.02 -3.69 4.65 11.70
0.010 0.04 -0.06 -0.01 -2.49 4.05 12.04
0.010 0.02 -0.06 -0.01 -1.24 3.41 12.00
0.011 0.02 -0.07 -0.01 0.77 2.33 10.40
0.010 0.01 -0.08 -0.01 2.37 2.85 7.89
0.010 0.00 -0.09 -0.02 3.21 2.55 6.24
0.010 0.01 -0.07 -0.02 2.97 1.29 5.77
0.010 0.02 -0.08 -0.02 1.51 1.17 7.30
0.010 0.02 -0.08 -0.02 0.32 1.80 8.69
0.010 0.02 -0.08 -0.02 -1.21 2.41 9.53
0.010 -0.01 -0.09 -0.02 -1.38 3.24 9.15
0.010 -0.01 -0.07 -0.02 -1.69 3.16 9.31
0.010 0.02 -0.06 -0.02 -1.22 4.03 9.36
0.010 0.02 -0.05 -0.01 -0.34 4.92 9.63
0.010 0.00 -0.05 -0.00 0.21 3.67 10.20
0.010 0.02 -0.06 0.00 1.24 3.13 11.35
0.010 0.04 -0.06 -0.00 2.51 3.55 11.88
0.010 0.02 -0.08 0.01 2.75 2.53 11.01
0.010 0.02 -0.09 -0.00 2.56 0.42 9.27
0.010 0.04 -0.09 0.01 2.18 -0.54 7.37
0.010 0.02 -0.09 -0.00 1.15 -0.48 6.07
0.010 -0.01 -0.09 0.00 0.17 -1.34 4.69
0.010 -0.00 -0.07 -0.00 -0.34 -1.88 4.91
0.010 0.01 -0.06 -0.01 -0.50 0.50 6.58
0.010 -0.01 -0.07 0.00 -0.53 2.51 8.60
0.010 -0.01 -0.07 0.00 -0.03 2.06 9.34
0.010 0.03 -0.07 0.00 -0.05 1.67 10.04
0.010 0.02 -0.09 0.00 0.50 0.86 9.82
0.010 0.01 -0.09 0.01 1.26 -0.35 8.11
0.010 0.01 -0.09 0.01 0.92 -1.49 6.85
0.010 0.00 -0.10 -0.00 -0.03 -2.31 6.88
0.010 -0.01 -0.09 0.00 0.56 -2.55 6.49
0.010 -0.01 -0.07 -0.01 0.41 -0.85 6.86
0.010 -0.01 -0.07 -0.02 -0.28 -0.65 9.30
0.010 0.01 -0.08 -0.02 -2.26 0.93 12.44
0.010 0.01 -0.09 -0.01 -3.47 2.19 13.49
0.010 0.00 -0.09 -0.01 -3.29 0.55 11.95
0.011 0.00 -0.08 -0.02 -3.47 -1.80 11.55
0.010 0.00 -0.09 0.00 -2.69 -1.87 11.35
0.010 -0.00 -0.07 0.00 -0.87 -1.47 9.89
0.010 0.01 -0.07 0.00 0.24 -1.10 9.76
0.010 0.00 -0.07 -0.01 1.50 -0.98 9.76
0.010 0.01 -0.08 -0.01 2.39 -1.55 10.13
0.010 0.01 -0.08 0.01 1.82 -3.52 10.62
0.010 0.02 -0.09 -0.00 1.11 -4.04 10.65
0.010 0.02 -0.09 0.00 0.80 -2.81 11.90
0.010 0.01 -0.08 -0.02 -1.33 -2.27 13.40
0.010 -0.01 -0.09 -0.01 -1.85 -1.96 14.40
0.010 -0.01 -0.08 -0.01 -1.66 0.17 14.10
0.010 0.00 -0.08 -0.01 -0.61 2.52 13.72
0.010 0.02 -0.07 -0.00 1.37 3.49 13.53
0.010 0.03 -0.07 -0.00 2.63 3.55 13.81
0.010 0.02 -0.08 -0.00 3.50 2.36 14.41
0.010 0.01 -0.08 0.00 3.35 0.22 15.25
0.011 0.01 -0.09 -0.01 2.23 -1.11 16.20
0.010 0.01 -0.08 -0.01 1.69 -1.44 16.25
0.010 0.02 -0.07 -0.01 1.35 0.51 17.41
0.010 0.01 -0.08 -0.01 1.22 0.68 17.49
0.010 0.00 -0.09 -0.01 1.38 -1.09 15.91
0.010 -0.01 -0.09 -0.02 1.42 -2.16 14.87
0.010 -0.01 -0.08 -0.01 1.95 -1.81 13.04
0.010 -0.00 -0.08 -0.01 2.42 0.28 11.59
0.010 -0.00 -0.09 -0.03 1.59 2.07 12.91
0.010 -0.01 -0.11 -0.02 0.85 2.12 13.90
0.010 -0.01 -0.09 -0.01 0.16 0.02 12.62
0.010 -0.02 -0.10 -0.02 -2.02 -0.91 13.29
0.010 -0.02 -0.10 -0.01 -3.39 0.77 13.66
0.010 -0.01 -0.09 -0.02 -3.16 0.93 12.65
0.010 -0.01 -0.08 0.01 -2.22 1.32 11.69
0.010 -0.00 -0.09 0.00 -0.46 1.90 9.90
0.010 0.00 -0.10 0.01 0.91 0.25 8.32
0.010 0.00 -0.10 0.01 0.80 -1.55 7.58
0.010 0.01 -0.10 0.02 0.80 -2.06 6.39
0.010 0.00 -0.10 0.01 0.81 -2.57 4.61
0.010 -0.00 -0.09 0.02 0.92 -3.42 4.37
0.010 -0.00 -0.08 0.00 0.78 -3.69 4.74
0.010 0.02 -0.08 0.00 0.67 -3.84 6.40
0.010 0.01 -0.10 -0.01 -0.42 -3.55 8.32
0.010 0.00 -0.09 -0.00 -0.68 -4.35 8.89
0.010 0.00 -0.10 -0.02 -1.22 -4.48 8.41
0.010 -0.00 -0.11 0.01 -1.14 -4.96 6.78
0.010 -0.02 -0.09 0.01 -0.62 -5.23 5.14
0.010 0.00 -0.08 -0.00 -0.62 -3.97 6.98
0.010 0.01 -0.08 -0.01 -1.74 -2.57 11.16
0.010 0.00 -0.08 -0.01 -1.69 -2.62 13.28
0.010 0.00 -0.09 -0.01 -0.49 -2.31 12.79
0.010 0.02 -0.08 0.00 1.40 -0.92 10.69
0.010 -0.01 -0.10 -0.01 2.29 -1.49 9.97
0.011 -0.01 -0.10 -0.00 2.60 -4.36 9.87
0.010 0.01 -0.08 -0.01 2.28 -5.42 9.76
0.010 0.03 -0.08 -0.02 1.37 -3.65 10.93
0.010 0.02 -0.09 -0.01 0.65 -3.21 11.47
0.010 0.02 -0.10 -0.01 0.52 -4.96 10.80
0.010 0.02 -0.10 -0.02 0.69 -5.25 9.59
0.010 0.02 -0.08 -0.03 0.79 -4.16 9.17
0.010 0.00 -0.08 -0.02 0.48 -3.21 8.74
0.010 0.01 -0.09 -0.04 -0.92 -2.77 10.65
0.010 0.01 -0.08 -0.04 -2.60 -1.98 12.37
0.010 0.00 -0.09 -0.03 -3.66 -1.68 13.67
0.010 0.01 -0.09 -0.02 -3.53 -0.60 14.57
0.010 0.02 -0.09 -0.02 -2.47 0.46 13.66
0.010 0.01 -0.09 -0.02 -2.36 -0.90 12.56
0.010 0.03 -0.09 -0.01 -1.37 -2.58 10.75
0.010 0.03 -0.09 -0.01 -0.79 -3.23 7.70
0.010 0.01 -0.09 -0.02 -1.76 -3.67 8.79
0.011 0.01 -0.10 -0.01 -3.05 -4.74 10.23
0.010 0.02 -0.08 -0.02 -3.04 -3.62 11.50
0.010 0.01 -0.08 -0.02 -2.43 -0.72 13.38
0.010 0.00 -0.09 -0.01 -1.51 0.03 13.28
0.010 -0.00 -0.09 -0.00 -0.73 -1.56 12.68
0.010 0.01 -0.10 -0.01 -0.50 -2.17 12.59
0.010 0.02 -0.10 -0.02 -0.05 -1.62 11.83
0.010 0.01 -0.09 -0.01 0.38 -0.23 11.23
0.010 0.00 -0.10 0.00 0.55 0.03 10.69
0.010 0.02 -0.10 0.01 1.22 0.13 10.48
0.010 0.03 -0.10 0.01 2.44 -1.16 8.97
0.010 0.01 -0.10 0.02 2.75 -2.97 8.82
0.010 0.01 -0.10 -0.00 2.67 -3.59 10.33
0.010 0.02 -0.11 0.00 2.54 -3.52 9.78
0.010 0.00 -0.12 -0.01 0.92 -3.10 9.49
0.010 -0.01 -0.11 0.01 -0.00 -3.51 9.30
0.010 0.00 -0.10 -0.01 -0.00 -1.64 8.50
0.010 0.01 -0.10 -0.01 0.65 0.93 9.75
0.010 -0.00 -0.10 -0.01 0.80 1.33 10.26
0.010 0.02 -0.10 -0.00 0.35 0.61 10.46
0.010 0.02 -0.11 0.01 -0.65 0.03 11.26
0.010 0.03 -0.09 0.01 -0.92 -0.54 11.94
0.010 0.03 -0.08 -0.00 0.37 -0.23 11.69
0.010 0.02 -0.09 -0.01 1.64 0.62 10.62
0.010 0.01 -0.10 -0.01 3.50 1.13 8.62
0.010 0.02 -0.11 -0.00 4.24 0.06 5.20
0.010 0.02 -0.12 0.00 4.34 -1.87 1.19
0.010 0.00 -0.12 -0.00 3.50 -3.77 -0.08
0.010 0.00 -0.10 -0.02 2.80 -3.06 0.72
0.010 0.00 -0.10 -0.02 2.30 -1.41 1.79
0.010 -0.01 -0.11 -0.02 1.23 -0.39 2.08
0.010 -0.00 -0.12 -0.02 0.18 0.37 1.43
0.010 0.00 -0.11 0.00 0.04 0.39 0.67
0.010 0.02 -0.09 -0.00 0.39 0.07 0.42
0.011 0.02 -0.09 -0.00 1.69 -0.26 -0.02
0.010 0.02 -0.09 -0.01 2.67 -1.64 -1.12
0.010 0.02 -0.11 -0.00 2.29 -2.42 -1.78
0.010 0.02 -0.10 -0.01 1.59 -2.08 -1.99
0.010 0.01 -0.09 -0.02 0.96 -1.74 -1.25
0.010 0.01 -0.08 -0.02 0.04 -1.26 -0.84
0.010 0.03 -0.10 -0.02 -0.38 -0.58 -0.47
0.010 0.02 -0.09 -0.01 0.08 -1.34 -1.73
0.010 0.03 -0.10 -0.02 0.92 -1.96 -2.83
0.010 0.03 -0.09 -0.02 1.30 -1.81 -3.79
0.010 0.03 -0.08 -0.02 1.69 -2.20 -3.52
0.010 0.03 -0.08 -0.01 1.89 -2.62 -3.16
0.010 0.02 -0.09 -0.01 1.66 -2.20 -2.36
0.010 0.02 -0.09 -0.01 1.47 -3.36 -1.66
0.010 0.01 -0.09 -0.02 1.05 -3.84 -0.74
0.010 0.02 -0.09 -0.02 1.14 -2.92 0.11
0.010 0.01 -0.09 -0.02 1.71 -2.16 -0.31
0.011 0.01 -0.10 -0.02 1.93 -2.07 -0.87
0.010 0.00 -0.10 -0.02 1.83 -1.25 -1.58
0.010 -0.00 -0.10 -0.02 2.11 -0.46 -1.48
0.010 0.00 -0.10 -0.03 1.97 0.14 -1.35
0.010 0.01 -0.09 -0.01 2.60 -0.02 -1.51
0.010 0.02 -0.09 -0.01 3.53 -0.65 -1.93
0.010 0.02 -0.09 -0.01 3.60 -2.15 -2.27
0.010 0.01 -0.10 -0.01 3.17 -3.42 -2.54
0.010 0.01 -0.09 -0.02 2.74 -2.91 -2.66
0.010 -0.00 -0.09 -0.02 1.82 -1.70 -2.48
0.010 -0.00 -0.09 -0.03 1.33 0.55 -1.67
0.010 0.01 -0.08 -0.01 1.01 2.64 -0.67
0.010 0.01 -0.09 -0.01 0.68 3.35 0.87
0.010 0.02 -0.09 -0.00 0.73 2.73 1.20
0.010 0.03 -0.10 -0.00 0.55 1.68 0.43
0.010 0.03 -0.09 0.00 1.31 0.65 -0.53
0.010 0.03 -0.09 -0.00 2.35 0.61 -1.42
0.010 0.02 -0.09 -0.01 2.60 0.42 -1.50
0.010 0.02 -0.09 -0.01 1.93 -0.28 -0.96
0.010 0.01 -0.09 -0.01 1.44 -0.55 -0.47
0.010 0.01 -0.09 -0.00 1.43 1.02 -0.40
0.010 0.02 -0.09 -0.01 1.21 1.32 0.02
0.010 0.02 -0.09 -0.01 0.52 1.72 1.20
0.010 0.03 -0.10 -0.02 0.34 1.98 1.45
0.010 0.02 -0.09 -0.01 0.27 1.58 0.23
0.010 0.02 -0.09 -0.01 1.44 1.68 -0.84
0.010 0.02 -0.08 -0.01 2.62 2.15 -2.02
0.010 0.01 -0.08 -0.01 3.76 1.70 -1.96
0.010 0.02 -0.09 -0.02 3.89 0.48 -1.09
0.010 0.02 -0.10 -0.02 3.21 0.45 -0.73
0.010 0.02 -0.10 -0.00 1.94 0.03 -0.38
0.010 0.03 -0.09 -0.01 0.92 0.32 -0.58
0.010 0.02 -0.09 -0.01 0.16 -0.05 -0.09
0.010 0.03 -0.09 -0.00 -0.02 -0.58 0.10
0.011 0.03 -0.08 -0.02 0.91 -0.94 -0.83
0.010 0.01 -0.07 -0.01 2.27 -1.36 -1.89
0.010 0.02 -0.07 -0.02 3.01 -0.27 -1.19
0.010 0.01 -0.07 -0.02 3.15 0.74 -0.53
0.010 0.02 -0.09 0.00 2.77 1.16 0.17
0.010 0.02 -0.09 -0.01 2.22 0.82 0.71
0.010 0.03 -0.09 0.01 2.11 0.20 0.93
0.010 0.03 -0.09 -0.00 1.73 -0.62 1.14
0.010 0.01 -0.08 -0.00 2.08 -2.20 0.33
0.010 0.02 -0.08 -0.01 2.80 -2.93 -1.08
0.010 0.02 -0.08 -0.02 3.01 -2.43 -1.31
0.010 0.01 -0.08 -0.01 2.77 -1.65 -0.06
0.010 -0.01 -0.08 -0.02 2.44 -0.70 0.69
0.010 0.01 -0.07 -0.02 1.91 0.66 0.74
0.010 0.02 -0.07 -0.01 1.58 1.44 1.32
0.010 0.02 -0.08 -0.01 1.83 0.77 1.02
0.010 0.02 -0.08 -0.01 1.92 -1.26 -0.13
0.011 0.03 -0.08 -0.01 2.02 -1.49 -0.38
0.010 0.01 -0.07 -0.01 2.38 -1.41 0.04
0.010 -0.00 -0.07 -0.01 2.58 -0.10 0.31
0.010 0.00 -0.08 -0.01 2.60 1.64 0.62
0.010 0.01 -0.08 0.00 2.40 2.37 0.01
0.010 0.02 -0.08 0.00 1.63 1.34 0.65
0.010 0.04 -0.08 0.01 0.90 0.17 0.56
0.010 0.03 -0.09 0.00 0.92 0.08 -0.01
0.010 0.02 -0.07 0.01 1.40 0.17 -0.44
0.010 0.01 -0.07 0.00 1.37 0.08 -0.23
0.010 0.02 -0.07 0.00 1.31 -0.68 0.72
0.010 0.02 -0.08 0.00 1.53 0.12 0.72
0.010 0.02 -0.08 -0.01 1.10 -0.18 -0.31
0.010 0.01 -0.08 0.01 0.24 -1.60 -0.31
0.010 0.03 -0.07 -0.00 -1.05 -1.16 0.87
0.010 0.02 -0.08 -0.00 -1.47 -1.54 0.79
0.010 0.02 -0.07 -0.01 -0.95 -1.31 -0.30
0.010 0.01 -0.08 -0.00 -0.08 -0.92 -0.38
0.010 0.01 -0.07 -0.02 0.69 -1.08 -1.07
0.010 0.01 -0.08 -0.01 1.11 -1.55 -0.96
0.010 0.01 -0.08 -0.01 1.18 -1.00 -0.09
0.010 0.02 -0.08 -0.01 0.95 -1.19 0.46
0.010 0.03 -0.08 -0.02 0.66 -1.08 0.42
0.010 0.01 -0.08 -0.02 -0.41 -1.76 0.25
0.010 0.02 -0.07 -0.02 -1.16 -1.81 -0.09
0.010 0.02 -0.08 -0.02 -1.17 -1.23 -0.80
0.010 0.00 -0.08 -0.02 -1.21 -1.69 -0.30
0.010 0.02 -0.05 -0.01 -0.66 -1.44 0.47
0.010 0.02 -0.05 -0.01 0.48 0.03 0.75
0.010 0.02 -0.07 -0.01 0.86 0.02 0.94
0.010 0.03 -0.07 -0.02 0.49 -0.97 0.52
0.010 0.04 -0.06 -0.02 0.42 -1.46 -0.18
0.010 0.03 -0.06 -0.01 0.89 -1.62 -0.06
0.010 0.02 -0.05 -0.01 2.18 -1.87 0.42
0.011 0.02 -0.06 -0.02 3.45 -0.63 -0.17
0.010 0.02 -0.06 -0.01 4.29 -0.11 -0.40
0.010 0.02 -0.07 -0.02 3.99 -0.65 -0.56
0.010 0.03 -0.08 -0.00 2.63 -0.42 0.25
0.010 0.03 -0.07 -0.01 1.63 0.26 1.94
0.010 0.03 -0.07 0.00 0.83 1.06 2.11
0.010 0.02 -0.07 0.00 1.03 1.34 1.33
0.010 0.03 -0.07 0.00 1.50 0.50 -0.00
0.010 0.03 -0.06 0.00 1.40 -0.27 0.36
0.010 0.03 -0.08 -0.00 1.09 -0.30 1.09
0.010 0.03 -0.07 -0.00 1.25 -0.49 0.54
0.010 0.02 -0.07 0.01 1.94 -0.86 -0.22
0.010 0.02 -0.07 -0.01 2.42 -0.45 -0.21
0.010 0.02 -0.06 -0.00 2.66 0.21 0.14
0.010 0.03 -0.07 -0.01 2.11 0.90 0.74
0.010 0.02 -0.08 -0.00 1.40 1.09 0.29
0.010 0.01 -0.07 -0.01 1.57 0.55 -0.65
0.011 0.02 -0.06 -0.01 2.14 0.51 -0.97
0.010 0.02 -0.07 -0.01 1.85 0.51 -0.64
0.010 -0.00 -0.07 -0.00 1.67 0.18 -0.91
0.010 0.02 -0.06 -0.01 2.02 1.09 -1.06
0.010 0.00 -0.07 -0.02 2.13 1.55 -1.28
0.010 0.01 -0.06 -0.02 2.61 1.61 -1.35
0.010 0.02 -0.06 -0.00 3.37 2.22 -0.95
0.010 0.01 -0.06 -0.01 3.10 1.80 -0.10
0.010 0.01 -0.07 -0.01 2.00 0.96 0.51
0.010 0.02 -0.07 -0.00 0.82 1.01 0.32
0.010 0.02 -0.06 -0.01 0.07 1.35 0.04
0.010 0.02 -0.06 -0.01 0.52 1.84 -0.61
0.010 0.03 -0.05 -0.01 0.98 2.35 0.08
0.010 0.02 -0.06 -0.01 1.46 2.40 0.53
0.010 0.02 -0.06 -0.01 2.21 1.51 0.10
0.010 0.02 -0.06 -0.01 2.27 0.62 0.20
0.010 0.02 -0.06 -0.01 1.67 -0.03 0.68
0.010 0.02 -0.07 0.00 0.81 -0.13 1.40
0.010 0.03 -0.06 -0.00 0.42 0.58 1.30
0.010 0.04 -0.05 -0.02 0.64 1.19 1.29
0.010 0.03 -0.06 -0.00 1.32 0.88 1.32
0.010 0.04 -0.06 -0.00 1.60 0.48 0.13
0.010 0.02 -0.07 -0.00 1.51 -0.14 -0.43
0.010 0.03 -0.07 -0.01 1.08 -2.33 -1.07
0.010 0.03 -0.06 -0.02 0.85 -2.05 -0.68
0.010 0.03 -0.06 -0.01 0.44 -0.94 0.58
0.010 0.03 -0.06 -0.02 -0.01 -0.50 1.02
0.010 0.03 -0.07 -0.01 -0.56 -1.70 0.93
0.010 0.03 -0.05 -0.02 -0.09 -2.65 0.25
0.010 0.03 -0.04 -0.02 1.33 -2.49 -0.54
0.010 0.02 -0.04 -0.02 2.76 -1.97 -0.70
0.010 0.01 -0.05 -0.02 2.97 -1.25 0.23
0.010 0.02 -0.05 -0.01 2.75 -0.81 1.14
0.010 0.02 -0.07 -0.01 2.29 0.05 1.06
0.011 0.02 -0.06 -0.01 2.04 -0.23 0.72
0.010 0.02 -0.05 0.00 2.21 -1.20 1.05
0.010 0.03 -0.05 -0.01 2.75 -0.98 1.20
0.010 0.01 -0.06 -0.01 3.27 -1.65 0.93
0.010 0.01 -0.05 -0.01 3.79 -1.74 0.43
0.010 0.01 -0.05 -0.01 3.63 -0.49 0.60
0.010 0.01 -0.06 -0.02 3.38 0.64 1.48
0.010 0.01 -0.06 0.00 3.02 1.06 1.18
0.010 0.02 -0.06 0.00 2.85 1.12 0.95
0.010 0.02 -0.06 -0.01 2.38 1.17 1.11
0.010 0.01 -0.05 0.00 2.49 1.06 1.52
0.010 0.02 -0.05 0.01 3.03 1.07 1.49
0.010 0.02 -0.06 0.01 2.86 1.38 1.33
0.010 0.02 -0.06 0.01 2.03 0.85 1.24
0.010 0.02 -0.06 0.02 1.54 0.41 1.40
0.010 0.02 -0.06 0.01 1.50 -0.19 1.25
0.010 0.02 -0.04 0.00 2.16 -0.68 0.87
0.011 0.02 -0.05 0.01 2.52 -0.44 0.75
0.010 0.02 -0.06 0.01 2.05 -0.27 0.48
0.010 0.01 -0.06 0.01 1.46 -0.53 0.21
0.010 0.02 -0.04 0.00 1.86 -0.53 -0.85
0.010 0.01 -0.04 -0.01 2.51 -0.45 -0.71
0.010 0.01 -0.04 -0.00 2.36 -0.60 -0.31
0.010 0.02 -0.05 -0.01 2.13 -1.00 0.04
0.010 0.03 -0.05 -0.00 0.54 -1.09 0.43
0.010 0.03 -0.05 -0.01 -0.36 -0.98 0.90
0.010 0.02 -0.04 -0.01 -0.13 -0.79 0.49
0.010 0.02 -0.04 -0.01 1.50 -0.41 -0.81
0.010 0.02 -0.04 -0.01 2.78 -0.84 -1.53
0.010 0.01 -0.05 -0.01 3.32 -2.03 -1.31
0.010 0.01 -0.04 -0.02 3.13 -1.87 -1.28
0.010 0.02 -0.05 -0.02 2.49 -0.11 -0.41
0.010 0.01 -0.03 -0.02 2.08 0.83 0.55
0.010 0.03 -0.04 -0.01 2.05 0.45 0.74
0.010 0.02 -0.04 -0.01 2.34 -0.44 0.51
0.010 0.03 -0.04 -0.01 2.05 -1.08 0.73
0.010 0.02 -0.04 -0.01 2.23 -0.59 1.06
0.010 0.02 -0.03 -0.02 2.82 0.67 0.66
0.010 0.02 -0.04 -0.00 2.98 1.76 0.94
0.010 0.02 -0.04 0.01 2.79 1.56 1.12
0.010 0.03 -0.04 0.00 2.74 1.35 1.17
0.010 0.03 -0.04 0.00 2.72 0.63 0.92
0.010 0.03 -0.05 0.00 2.88 -0.12 0.65
0.010 0.03 -0.05 0.00 2.63 -0.58 -0.19
0.010 0.03 -0.05 0.01 2.32 -1.11 -0.77
0.010 0.01 -0.04 0.01 1.82 -1.83 -0.00
0.010 0.02 -0.04 0.01 1.76 -1.22 0.42
0.010 0.02 -0.04 0.00 2.14 0.52 0.28
0.010 0.02 -0.05 0.01 2.50 0.32 -0.18
0.010 0.02 -0.05 0.01 2.52 -0.53 -0.60
0.010 0.03 -0.05 0.01 2.40 -1.23 -0.61
0.011 0.03 -0.05 -0.00 2.87 -1.79 -0.68
0.010 0.02 -0.04 0.00 2.92 -4.52 -1.12
0.010 0.03 -0.05 0.01 1.99 -1.31 -1.20
0.010 0.01 -0.03 -0.00 0.82 0.69 -0.09
0.010 0.02 -0.04 -0.00 0.93 -0.19 0.22
0.010 0.02 -0.04 -0.01 0.54 0.03 -0.24
0.010 0.01 -0.05 0.00 0.04 0.52 -0.34
0.010 0.03 -0.03 0.00 0.26 1.24 -0.16
0.010 0.03 -0.04 0.01 0.24 0.26 -0.11
0.010 0.02 -0.05 0.00 0.27 -0.45 -0.64
0.010 0.03 -0.03 -0.01 0.47 -0.80 -1.08
0.010 0.03 -0.04 -0.01 -0.23 -0.81 -0.89
0.010 0.03 -0.04 -0.00 -1.31 -0.40 -0.15
0.010 0.02 -0.03 -0.00 -1.49 0.16 0.13
0.010 0.02 -0.02 -0.02 -0.63 0.25 -0.34
0.010 0.02 -0.04 -0.01 -0.40 0.78 -0.24
0.010 0.02 -0.04 -0.00 -0.79 0.59 0.56
0.011 0.02 -0.03 -0.00 -1.05 -1.03 0.74
0.010 0.02 -0.04 -0.00 -1.16 -1.51 1.09
0.010 0.02 -0.04 -0.00 -1.08 -1.21 0.67
0.010 0.02 -0.03 -0.00 -0.80 -0.65 -0.25
0.010 0.01 -0.04 -0.00 -0.34 0.60 -0.31
0.010 0.03 -0.04 0.00 -0.68 0.95 -0.09
0.010 0.02 -0.04 0.00 -1.08 0.04 0.39
0.010 0.03 -0.03 0.01 -1.01 0.21 0.36
0.010 0.03 -0.03 0.01 -0.02 0.61 -0.22
0.010 0.01 -0.03 -0.00 0.54 -0.60 -0.09
0.010 0.02 -0.05 0.00 0.23 -2.29 -0.44
0.010 0.01 -0.05 -0.00 -1.11 -1.74 -0.31
0.010 0.02 -0.03 0.00 -1.32 0.17 0.30
0.010 0.02 -0.03 -0.01 -0.64 1.32 0.85
0.010 0.02 -0.04 -0.00 0.06 1.18 0.61
0.010 0.03 -0.03 0.00 -0.01 0.11 0.85
0.010 0.04 -0.04 0.01 0.04 -0.13 1.10
0.010 0.02 -0.05 -0.00 -0.23 -0.40 0.33
0.010 0.01 -0.05 0.01 -0.15 -1.67 -0.27
0.010 0.02 -0.03 -0.01 -0.09 -1.78 -0.17
0.010 0.02 -0.04 -0.02 -0.40 -0.34 0.59
0.010 0.01 -0.04 -0.01 -0.72 -0.28 0.69
0.010 0.02 -0.04 -0.01 -0.67 -0.82 0.83
0.010 0.02 -0.04 -0.02 -0.19 -0.07 0.88
0.010 0.02 -0.03 -0.01 0.11 1.06 0.65
0.010 0.02 -0.04 0.00 0.20 1.34 1.34
0.010 0.03 -0.04 0.00 0.18 1.69 1.61
0.010 0.03 -0.05 0.01 -0.48 0.67 1.41
0.010 0.03 -0.05 0.01 -0.71 -1.12 0.46
0.010 0.03 -0.03 -0.01 0.14 -1.24 0.05
0.010 0.03 -0.04 -0.01 0.32 -0.11 -0.33
0.010 0.02 -0.04 -0.01 -0.13 -0.20 -0.09
0.010 0.02 -0.04 -0.01 -0.48 -0.86 -0.09
0.010 0.03 -0.03 -0.01 -0.69 -0.44 0.41
0.011 0.02 -0.04 -0.01 -0.27 0.02 0.23
0.010 0.02 -0.04 0.00 -0.05 0.35 0.27
0.010 0.02 -0.04 0.01 -0.07 0.48 0.27
0.010 0.03 -0.05 -0.00 -0.24 0.22 -0.21
0.010 0.02 -0.04 0.00 -0.37 0.06 -0.03
0.010 0.02 -0.04 -0.01 -0.74 0.32 0.04
0.010 0.03 -0.04 0.00 -0.77 0.19 0.14
0.010 0.04 -0.04 -0.00 -0.71 0.08 -0.40
0.010 0.03 -0.04 0.00 -0.17 -0.36 -0.73
0.010 0.03 -0.03 -0.01 0.30 -0.68 -1.14
0.010 0.02 -0.05 -0.01 0.34 -0.42 -1.21
0.010 0.02 -0.04 0.00 -0.43 -0.10 -0.86
0.010 0.03 -0.04 -0.01 -0.92 0.59 -0.15
0.010 0.02 -0.04 -0.01 -0.94 1.03 -0.48
0.010 0.02 -0.04 -0.01 -1.06 1.30 -0.39
0.010 0.04 -0.04 -0.01 -0.92 0.67 -0.12
0.010 0.02 -0.04 -0.00 -0.65 0.13 -0.97
0.011 0.01 -0.04 -0.01 -0.53 -0.57 -1.28
0.010 0.01 -0.03 -0.02 -0.34 0.25 -0.59
0.010 0.02 -0.04 -0.02 -0.19 2.31 0.59
0.010 0.01 -0.04 -0.01 -0.58 3.12 1.39
0.010 0.03 -0.04 0.00 -1.45 3.22 1.72
0.010 0.03 -0.03 0.01 -1.35 3.10 1.92
0.010 0.03 -0.04 0.01 -0.73 2.62 1.40
0.010 0.03 -0.05 0.01 -0.38 1.22 0.29
0.010 0.03 -0.04 -0.01 -0.59 -0.47 -0.28
0.010 0.02 -0.04 0.01 -0.60 -0.37 -0.13
0.010 0.02 -0.04 0.00 -0.61 0.66 0.04
0.010 0.01 -0.04 -0.01 -0.61 1.19 0.06
0.010 0.00 -0.04 0.01 -0.56 0.94 0.45
0.010 0.02 -0.04 -0.01 -0.60 1.34 0.99
0.010 0.02 -0.04 0.00 -0.55 2.04 1.01
0.010 0.01 -0.03 0.00 -0.05 1.55 1.10
0.010 0.01 -0.04 -0.01 -0.09 1.26 0.92
0.010 0.01 -0.04 0.01 0.04 0.93 0.35
0.010 0.01 -0.04 -0.00 0.15 0.35 0.20
0.010 0.01 -0.04 0.01 -0.40 1.22 0.91
0.010 0.01 -0.04 -0.00 -0.57 2.77 0.74
0.010 -0.00 -0.03 -0.01 -0.43 2.92 0.58
0.010 0.01 -0.05 -0.01 -0.37 3.28 -0.80
0.010 -0.00 -0.07 -0.02 -0.24 7.71 -8.54
0.010 -0.02 -0.05 0.00 0.78 10.40 -7.53
0.010 -0.00 -0.03 -0.01 -0.52 6.98 -4.69
0.010 0.01 -0.04 0.01 -1.06 5.03 -1.91
0.010 0.02 -0.05 0.01 -0.53 3.63 -1.51
0.010 0.02 -0.04 0.01 -0.11 2.22 -3.56
0.010 0.01 -0.05 -0.00 -0.33 0.29 -3.57
0.010 0.00 -0.04 -0.01 -1.23 -0.39 -3.03
0.010 -0.01 -0.05 -0.01 -1.72 0.18 -2.89
0.010 0.01 -0.03 -0.02 -1.77 2.22 -2.02
0.010 -0.01 -0.06 -0.01 -1.65 2.62 -2.48
0.011 0.02 -0.05 -0.00 -1.63 1.90 -3.55
0.010 0.02 -0.04 0.00 -1.39 1.47 -2.87
0.010 0.02 -0.03 -0.01 -1.42 -0.90 -1.95
0.010 0.01 -0.06 -0.02 -1.61 -1.97 -2.67
0.010 0.00 -0.05 -0.01 -1.57 -0.80 -3.64
0.010 0.01 -0.05 0.00 -2.00 1.19 -4.12
0.010 0.01 -0.04 -0.01 -1.73 2.90 -3.85
0.010 -0.00 -0.04 -0.00 -1.10 3.00 -3.98
0.010 0.02 -0.03 0.02 -1.10 2.52 -3.08
0.010 0.02 -0.05 0.01 -1.11 2.25 -2.61
0.010 0.01 -0.07 0.01 -1.53 0.69 -3.38
0.010 0.01 -0.06 0.01 -1.74 0.08 -4.02
0.010 0.01 -0.07 0.01 -2.56 0.73 -5.15
0.010 0.00 -0.07 -0.00 -3.98 0.66 -6.02
0.010 -0.01 -0.07 0.01 -4.88 0.08 -7.57
0.010 0.00 -0.04 -0.00 -4.01 -0.66 -9.12
0.010 0.02 -0.03 0.00 -2.83 0.16 -9.35
0.011 0.01 -0.03 0.00 -1.55 0.32 -8.48
0.010 0.01 -0.04 -0.01 -0.82 0.06 -7.71
0.010 -0.00 -0.06 0.00 -1.05 -0.35 -7.71
0.010 -0.01 -0.07 -0.02 -2.17 0.13 -7.08
0.010 -0.01 -0.04 -0.01 -3.43 1.25 -6.25
0.010 -0.01 -0.03 -0.01 -2.91 2.90 -5.37
0.010 0.02 -0.03 -0.01 -2.24 6.50 -5.02
0.010 -0.02 -0.05 -0.01 -1.99 5.53 -4.12
0.010 0.00 -0.05 0.00 -2.24 1.54 -4.55
0.010 0.02 -0.05 -0.01 -2.53 1.96 -5.13
0.010 -0.00 -0.04 -0.01 -2.44 3.76 -5.64
0.010 -0.01 -0.03 -0.01 -2.14 4.48 -6.31
0.010 0.00 -0.03 -0.01 -1.50 5.02 -5.05
0.010 -0.00 -0.04 -0.02 -1.14 3.80 -4.03
0.010 0.01 -0.04 -0.01 -1.05 2.13 -3.41
0.010 0.02 -0.04 -0.01 -1.35 1.47 -2.21
0.010 0.01 -0.04 -0.01 -1.04 1.03 -2.10
0.010 0.01 -0.05 -0.01 -0.01 1.14 -3.31
0.010 0.00 -0.04 -0.01 0.64 2.32 -4.14
0.010 -0.00 -0.04 -0.01 0.63 2.79 -3.60
0.010 -0.01 -0.05 -0.01 0.84 3.39 -3.67
0.010 0.00 -0.04 0.00 1.17 2.82 -4.00
0.010 0.00 -0.04 0.01 0.83 1.84 -2.67
0.010 0.01 -0.04 -0.01 0.47 1.00 -1.77
0.010 0.00 -0.05 -0.01 -0.05 2.65 -1.01
0.010 -0.01 -0.06 0.00 -0.31 2.45 -1.57
0.010 -0.01 -0.05 0.01 -0.85 0.30 -1.39
0.010 -0.01 -0.06 -0.00 -1.82 -0.05 -0.37
0.010 -0.02 -0.04 0.00 -0.79 1.21 -0.09
0.010 -0.01 -0.04 -0.00 0.66 2.57 -1.46
0.010 -0.00 -0.05 0.00 0.80 2.73 -1.34
0.010 0.00 -0.05 0.00 0.13 1.42 -1.06
0.010 0.01 -0.05 0.02 -0.38 -0.55 -1.61
0.010 0.00 -0.05 0.00 -0.35 -1.21 -2.19
0.011 -0.01 -0.05 0.01 -0.18 -1.22 -2.28
0.010 -0.01 -0.05 0.01 -0.10 -0.71 -2.20
0.010 0.01 -0.06 0.01 -1.05 -0.92 -1.76
0.010 0.00 -0.07 0.01 -1.16 -3.15 -1.63
0.010 0.01 -0.06 0.01 -0.63 -4.42 -3.17
0.010 0.01 -0.05 -0.01 -0.23 -4.07 -3.70
0.010 -0.00 -0.06 -0.01 -0.34 -2.42 -3.97
0.010 -0.02 -0.05 -0.02 -0.71 -1.03 -4.30
0.010 -0.01 -0.06 -0.01 -1.18 0.14 -4.97
0.010 -0.00 -0.05 -0.01 -2.17 1.62 -2.83
0.010 0.01 -0.04 0.00 -3.06 2.00 0.75
0.010 0.02 -0.04 0.00 -2.50 1.01 0.47
0.010 0.02 -0.05 0.01 -1.15 -0.65 -1.15
0.010 0.01 -0.04 0.00 -0.27 -2.60 -2.51
0.010 0.01 -0.04 -0.01 0.94 -2.37 -4.09
0.010 0.01 -0.04 -0.01 1.83 -0.36 -3.89
0.010 -0.00 -0.05 -0.01 0.68 -0.15 -2.31
0.011 -0.00 -0.06 -0.01 -0.02 -0.76 -0.66
0.010 -0.01 -0.06 -0.02 -1.55 -0.46 -0.04
0.010 0.00 -0.06 -0.01 -2.13 -0.85 0.36
0.010 -0.00 -0.04 -0.00 -1.89 -1.65 -0.49
0.010 0.01 -0.04 -0.00 -0.62 -0.94 -1.47
0.010 0.01 -0.04 -0.02 0.58 0.63 -1.38
0.010 -0.01 -0.05 -0.01 1.00 -0.04 -1.72
0.010 -0.02 -0.06 -0.02 0.76 -0.49 -2.02
0.010 -0.00 -0.05 -0.01 0.27 0.22 -1.14
0.010 0.00 -0.05 -0.01 -0.33 0.08 -0.16
0.010 0.01 -0.05 -0.00 -0.91 -1.33 0.26
0.010 0.01 -0.05 -0.02 -0.90 -1.94 -0.22
0.010 0.01 -0.04 -0.01 0.70 -1.92 -1.52
0.010 -0.01 -0.05 -0.01 1.11 -1.58 -2.48
0.010 -0.02 -0.06 -0.01 1.31 -0.76 -3.47
0.010 -0.01 -0.07 -0.02 0.24 1.28 -3.25
0.010 -0.00 -0.06 -0.01 -0.75 1.71 -1.83
0.010 0.01 -0.05 -0.00 -1.53 0.70 -1.16
0.010 0.02 -0.05 0.01 -1.38 -0.63 -1.44
0.010 0.04 -0.04 -0.00 -0.64 -0.91 -1.66
0.010 0.01 -0.04 -0.00 -0.32 -1.99 -2.08
0.010 -0.00 -0.03 -0.02 0.31 -2.95 -1.36
0.010 -0.00 -0.05 -0.01 0.01 -2.47 -1.54
0.010 0.01 -0.04 -0.01 -1.00 -0.30 -0.54
0.010 0.02 -0.05 0.00 -2.16 0.19 0.17
0.010 0.03 -0.05 -0.01 -1.81 -1.35 -1.28
0.010 0.04 -0.05 0.01 -0.67 -2.03 -2.00
0.010 0.03 -0.04 -0.01 -0.33 -3.32 -0.08
0.010 0.02 -0.03 -0.02 0.27 -5.66 0.11
0.010 0.02 -0.05 -0.03 1.60 -4.78 -1.32
0.010 0.03 -0.04 -0.03 3.05 -2.41 -0.47
0.010 0.02 -0.04 -0.02 3.39 -1.30 0.28
0.010 0.02 -0.06 -0.03 3.30 -0.79 1.52
0.010 0.03 -0.06 -0.03 3.57 0.67 1.49
0.011 0.01 -0.06 -0.03 3.63 -0.96 -0.18
0.010 0.02 -0.05 -0.01 4.50 -0.91 -0.09
0.010 0.02 -0.04 -0.03 5.83 -0.55 0.06
0.010 0.01 -0.05 -0.02 6.52 0.36 1.10
0.010 -0.00 -0.04 -0.03 7.00 0.37 1.27
0.010 0.01 -0.05 -0.01 7.27 -0.14 0.88
0.010 0.00 -0.06 -0.01 7.26 -0.89 -0.16
0.010 0.01 -0.05 -0.00 7.21 0.19 -0.27
