0.010 0.00 -0.00 0.00 -0.13 -0.97 0.13
0.010 0.01 0.00 0.00 -0.06 0.39 0.01
0.010 -0.01 0.00 -0.00 0.02 0.01 0.04
0.010 -0.00 0.00 0.00 -0.10 -1.34 -0.05
0.010 0.01 0.01 -0.00 -0.11 -1.24 -0.01
0.010 0.02 -0.00 -0.00 0.08 0.65 -0.12
0.010 0.00 0.00 -0.00 0.24 1.14 0.01
0.010 -0.01 -0.01 0.00 -0.08 -0.49 0.14
0.010 -0.01 0.00 0.00 -0.15 -1.58 0.18
0.010 0.01 0.00 -0.01 -0.18 -0.97 0.00
0.010 0.01 0.00 -0.00 -0.04 -0.04 0.05
0.010 0.00 0.00 -0.00 -0.18 -0.68 -0.11
0.010 -0.01 -0.00 0.00 -0.37 -2.13 -0.10
0.010 0.02 -0.00 -0.01 -0.15 -2.22 -0.04
0.010 0.02 0.00 0.00 -0.10 -0.99 0.06
0.010 0.01 -0.00 0.00 0.02 -0.19 -0.06
0.010 0.00 -0.01 0.00 0.08 0.42 0.15
0.010 0.01 -0.00 -0.01 0.13 0.68 0.15
0.010 0.00 0.00 0.00 0.14 0.40 0.08
0.010 0.00 -0.00 -0.00 0.14 1.13 0.08
0.010 0.01 0.00 -0.01 0.20 1.85 0.10
0.010 0.00 -0.00 0.00 0.39 2.26 0.14
0.010 -0.01 0.00 -0.01 0.24 1.80 0.05
0.010 -0.00 -0.00 -0.00 0.34 1.02 0.11
0.010 0.00 0.00 0.01 0.08 0.10 -0.06
0.010 -0.00 -0.00 0.00 -0.25 -0.74 -0.07
0.010 -0.00 -0.01 -0.00 -0.00 -0.20 0.06
0.010 0.01 0.00 -0.01 0.05 0.79 0.25
0.010 0.01 -0.00 -0.00 0.09 1.16 0.34
0.010 0.01 -0.00 0.00 0.24 1.87 0.07
0.010 0.01 -0.00 0.01 0.31 2.51 0.05
0.010 0.00 0.00 -0.01 0.28 3.08 0.25
0.010 0.01 -0.00 0.00 0.24 3.01 0.66
0.010 -0.00 -0.01 -0.00 0.08 1.33 1.62
0.010 0.00 0.00 0.00 0.28 0.92 1.95
0.010 -0.00 -0.00 0.01 0.43 1.98 1.25
0.010 -0.00 0.00 0.00 0.40 2.56 0.57
0.010 -0.00 -0.01 0.01 0.56 3.28 0.61
0.010 0.00 -0.01 -0.00 0.53 3.70 0.27
0.010 0.01 -0.00 0.00 0.87 3.98 -0.41
0.011 0.01 -0.00 0.00 1.87 5.42 -1.22
0.010 0.06 0.01 -0.01 0.10 0.79 -2.74
0.010 0.05 -0.03 -0.05 1.89 2.20 -2.02
0.010 -0.03 0.04 0.04 1.76 -1.38 -0.35
0.010 0.02 0.01 0.01 1.77 -0.17 -0.40
0.010 0.01 -0.00 0.01 2.63 -0.67 -1.27
0.010 -0.02 -0.00 0.01 3.27 -2.40 -1.47
0.010 -0.03 0.01 0.03 2.81 1.80 -2.32
0.010 -0.02 0.02 0.01 4.02 0.22 -3.01
0.010 -0.01 0.01 0.01 4.33 -0.09 -2.04
0.010 -0.01 0.00 0.02 3.43 -1.18 -1.67
0.010 0.01 0.00 0.02 3.60 -4.25 -2.36
0.010 0.01 0.00 0.02 4.61 -7.02 -3.24
0.010 0.01 0.01 0.02 4.81 -9.14 -3.05
0.010 -0.01 0.02 0.02 4.92 -9.20 -2.92
0.010 -0.01 0.01 0.02 4.13 -7.50 -2.67
0.010 -0.00 0.01 0.01 2.96 -5.16 -2.37
0.010 0.00 0.01 0.02 2.19 -3.98 -2.11
0.010 0.01 0.01 0.01 1.40 -3.53 -1.98
0.010 0.00 0.01 0.02 0.91 -3.09 -1.18
0.010 -0.01 0.01 0.01 0.33 -3.09 -0.47
0.010 0.00 0.01 0.01 0.61 -2.76 -0.96
0.010 0.01 0.01 0.01 1.23 -0.88 -2.20
0.010 0.01 0.02 0.00 1.24 0.64 -1.92
0.010 -0.00 0.02 0.00 0.99 0.68 -0.89
0.010 -0.00 0.01 0.00 0.69 -0.41 -0.85
0.010 0.00 0.00 0.02 0.53 -0.95 -1.59
0.010 0.01 0.01 -0.00 0.34 -0.67 -1.60
0.010 0.01 0.02 0.01 -0.82 -0.61 -0.50
0.010 0.00 0.02 0.00 -2.37 -0.47 0.65
0.010 0.01 0.02 0.01 -2.86 -0.47 1.07
0.010 0.03 0.02 0.02 -2.41 -1.56 0.87
0.010 0.02 0.02 -0.00 -1.88 -2.14 0.57
0.010 0.01 0.02 0.00 -0.64 -2.67 0.39
0.011 -0.00 0.02 0.01 -0.10 -3.22 0.45
0.010 0.01 0.01 -0.02 -0.23 -2.70 0.56
0.010 0.01 0.00 -0.01 0.02 -0.54 -1.01
0.010 -0.00 0.02 -0.01 -0.90 1.78 -0.47
0.010 0.00 0.02 -0.02 -2.35 3.00 1.76
0.010 0.01 0.01 -0.01 -3.03 3.03 2.48
0.010 0.01 0.00 -0.00 -3.21 1.27 1.78
0.010 0.02 0.01 0.00 -2.09 -0.91 0.43
0.010 0.00 0.01 -0.00 -1.47 -1.94 0.49
0.010 0.00 0.02 -0.01 -1.34 -1.66 1.21
0.010 0.00 0.02 -0.01 -1.00 -0.56 0.86
0.010 -0.01 0.00 -0.02 -0.45 1.17 0.26
0.010 -0.01 0.00 -0.02 0.16 1.36 -0.58
0.010 0.01 0.01 -0.01 0.64 1.75 -0.39
0.010 0.01 0.02 -0.00 0.31 1.67 0.58
0.010 0.02 0.01 0.01 -1.18 1.62 2.44
0.010 0.02 -0.01 0.01 -1.63 0.27 2.67
0.011 0.01 0.00 0.01 -1.60 -1.91 0.74
0.010 0.01 -0.02 -0.00 -2.13 -1.73 -1.51
0.010 0.00 0.00 0.01 -1.15 -0.82 -1.02
0.010 -0.00 0.01 -0.01 -1.00 -0.51 0.06
0.010 -0.00 0.01 0.00 -1.22 -1.05 0.82
0.010 0.01 -0.00 -0.00 -0.67 -0.51 0.98
0.010 0.02 -0.00 0.00 -0.18 -0.93 0.27
0.010 0.01 -0.01 -0.00 0.91 -2.10 -2.05
0.010 0.01 0.00 -0.00 1.94 -3.07 -3.24
0.010 -0.00 0.00 -0.01 2.10 -2.20 -3.39
0.010 -0.01 0.01 -0.02 2.02 -1.40 -2.07
0.010 0.00 0.02 -0.01 1.03 0.71 -1.53
0.010 0.01 0.01 -0.01 0.12 2.48 -0.61
0.010 0.01 -0.00 -0.00 -0.42 2.17 0.19
0.010 0.02 0.00 -0.00 -1.13 0.42 0.35
0.010 0.01 -0.00 0.01 -0.83 -0.74 -0.11
0.010 0.02 0.00 -0.02 -0.93 -0.06 -0.25
0.010 0.01 0.00 -0.01 -1.28 0.32 0.33
0.010 0.01 0.01 -0.01 -1.82 1.20 1.36
0.010 0.02 -0.00 -0.00 -1.79 1.88 1.19
0.010 0.02 0.01 -0.00 -1.72 1.81 0.06
0.010 0.00 0.01 -0.00 -1.67 1.20 0.07
0.010 0.01 0.01 -0.00 -1.78 0.92 0.50
0.010 0.01 0.01 0.01 -1.76 0.81 0.99
0.010 0.02 0.01 0.01 -1.12 0.67 -0.05
0.010 0.01 0.01 0.01 -1.02 0.63 -0.50
0.010 0.02 0.00 0.01 -1.31 -0.14 -0.15
0.010 0.01 0.02 0.01 -1.08 -1.45 -0.06
0.010 0.01 0.01 0.00 -1.03 -1.84 -0.17
0.010 0.01 0.02 0.00 -0.64 -1.67 0.31
0.010 0.01 0.02 0.00 -0.36 -1.54 0.36
0.010 0.01 0.00 -0.00 -0.16 -0.41 -0.24
0.010 0.01 -0.00 -0.00 -0.22 0.29 -0.34
0.010 0.02 0.01 -0.00 -1.07 -0.70 -0.15
0.011 0.01 -0.00 0.00 -1.37 -1.61 -0.23
0.010 0.01 0.00 -0.01 -1.58 -0.69 0.10
0.010 -0.00 0.00 -0.01 -2.02 0.20 0.63
0.010 0.00 0.00 0.00 -1.82 0.19 0.86
0.010 -0.00 0.01 -0.01 -1.81 -0.24 0.17
0.010 0.02 0.01 -0.01 -0.67 -0.10 0.01
0.010 0.02 0.01 0.01 -0.00 0.31 0.12
0.010 0.01 0.01 0.00 0.75 0.43 -0.98
0.010 0.01 -0.00 -0.01 1.52 1.00 -1.73
0.010 -0.00 0.00 -0.02 1.21 1.37 -1.35
0.010 -0.00 0.01 -0.01 0.44 2.12 -0.29
0.010 0.00 0.01 -0.01 0.13 2.93 0.00
0.010 0.00 -0.01 -0.01 -0.29 3.72 -0.01
0.010 -0.00 0.00 -0.02 -0.62 4.81 0.04
0.010 0.00 0.01 -0.01 -0.82 5.30 0.50
0.010 0.01 -0.00 -0.00 -0.77 5.39 0.05
0.010 0.00 0.01 -0.01 -1.03 6.26 0.24
0.011 -0.00 0.02 -0.00 -1.08 6.68 1.76
0.010 0.01 0.01 0.00 -0.76 6.43 1.93
0.010 0.01 0.00 0.01 -0.41 5.72 1.45
0.010 0.01 0.00 0.01 0.19 4.60 0.65
0.010 0.01 0.00 0.00 0.43 3.41 0.39
0.010 -0.01 0.01 -0.00 0.59 2.86 0.47
0.010 -0.02 0.02 -0.01 0.73 2.39 0.32
0.010 0.00 0.00 -0.01 0.72 2.98 -0.05
0.010 -0.00 -0.00 0.00 0.47 2.62 0.28
0.010 -0.00 0.01 0.01 0.44 1.14 0.63
0.010 0.01 0.00 0.02 0.05 -0.83 0.89
0.010 -0.00 -0.01 0.01 -0.39 -1.95 -0.18
0.010 0.00 0.00 0.00 0.21 -1.82 -0.43
0.010 -0.01 0.01 0.01 0.05 -1.83 -0.36
0.010 -0.01 -0.01 0.00 -0.06 -1.51 -0.22
0.010 -0.01 -0.01 0.00 0.43 -0.79 -0.92
0.010 -0.00 -0.01 0.00 0.36 -0.45 -1.47
0.010 -0.00 -0.01 -0.00 0.19 -0.38 -0.98
0.010 -0.00 0.01 0.00 -0.02 -0.48 0.25
0.010 0.00 -0.00 0.02 -0.14 -0.97 0.24
0.010 0.01 -0.01 0.02 -0.25 -0.29 -0.39
0.010 0.00 -0.00 0.00 0.56 -0.41 -1.31
0.010 0.00 -0.01 -0.01 0.92 -0.21 -2.27
0.010 -0.02 -0.00 0.00 1.07 0.89 -1.57
0.010 -0.01 -0.01 0.01 0.64 1.45 -0.73
0.010 -0.00 -0.00 0.01 0.38 2.50 -0.31
0.010 0.00 -0.01 0.01 0.46 3.92 -0.86
0.010 -0.01 -0.01 0.00 0.40 5.55 -1.76
0.010 0.00 0.00 0.00 0.31 8.48 -1.25
0.010 -0.01 -0.01 0.01 -0.37 8.49 -1.23
0.010 -0.01 -0.00 0.01 -0.56 7.72 -0.69
0.010 -0.01 0.00 0.01 -0.64 6.62 0.17
0.010 0.00 0.00 0.02 -0.89 4.42 0.82
0.010 -0.01 0.01 0.02 -0.76 2.52 1.53
0.011 -0.01 0.00 0.01 -1.30 0.32 1.82
0.010 -0.01 -0.00 0.02 -1.14 -0.51 0.63
0.010 -0.01 0.01 0.00 -1.21 -0.45 -0.20
0.010 -0.02 0.00 -0.00 -1.05 -0.27 -0.05
0.010 -0.01 0.01 -0.00 -1.06 -0.59 0.36
0.010 -0.01 0.00 -0.00 -1.40 -0.82 0.57
0.010 -0.00 -0.00 -0.01 -1.08 0.10 0.55
0.010 -0.01 0.00 -0.00 -1.34 -0.21 0.81
0.010 -0.02 0.01 -0.00 -1.18 -1.76 1.29
0.010 -0.00 -0.00 0.01 -1.24 -3.22 0.98
0.010 -0.01 -0.00 0.00 -1.10 -4.32 0.64
0.010 -0.01 0.01 -0.00 -1.12 -5.16 1.06
0.010 -0.02 0.01 -0.00 -1.49 -5.25 1.76
0.010 -0.02 0.01 0.01 -1.62 -5.40 1.50
0.010 -0.01 -0.00 0.01 -1.31 -4.33 0.53
0.010 -0.00 -0.01 -0.01 -0.94 -2.96 0.31
0.010 -0.01 -0.00 0.01 -1.03 -2.34 0.36
0.011 -0.00 0.00 0.01 -1.00 -3.61 0.11
0.010 0.00 0.00 -0.00 -1.50 -4.54 0.71
0.010 -0.00 -0.00 0.02 -1.25 -5.05 1.01
0.010 0.00 -0.00 0.00 -0.76 -4.49 0.18
0.010 -0.01 0.01 0.00 -0.78 -3.47 -0.56
0.010 -0.01 0.00 -0.01 -0.93 -3.04 0.24
0.010 0.00 0.00 -0.00 -1.33 -3.53 0.97
0.010 0.00 -0.00 -0.01 -0.88 -3.11 0.29
0.010 0.01 -0.01 0.01 -0.59 -2.33 -0.99
0.010 0.00 -0.00 -0.00 0.05 -2.43 -1.11
0.010 -0.00 0.01 -0.01 0.19 -3.83 -0.68
0.010 0.00 0.00 -0.00 0.03 -4.18 -0.26
0.010 -0.01 -0.01 -0.01 -0.06 -3.04 0.21
0.010 0.00 0.00 -0.01 0.15 -2.58 -0.18
0.010 0.00 0.01 -0.01 0.12 -2.28 -0.13
0.010 -0.00 -0.00 -0.01 0.09 -2.20 -0.18
0.010 0.00 -0.01 -0.00 -0.08 -2.01 -0.98
0.010 0.01 -0.00 -0.01 -0.15 -0.90 -1.78
0.010 0.00 0.01 -0.00 -0.60 -0.32 -0.64
0.010 0.00 0.00 -0.01 -1.18 -1.19 0.83
0.010 0.01 -0.00 -0.01 -0.72 -1.79 0.57
0.010 0.01 -0.00 -0.01 -0.51 -0.70 0.11
0.010 -0.00 -0.00 0.00 -0.34 -0.25 0.01
0.010 -0.00 0.00 0.00 -0.19 -0.87 0.22
0.010 0.01 -0.01 0.01 -0.42 -0.93 0.18
0.010 0.01 -0.00 -0.01 -0.37 -1.31 -0.59
0.010 0.02 -0.01 -0.00 -0.48 -1.48 -0.36
0.010 0.01 -0.00 0.00 -0.83 -1.38 -0.11
0.010 0.01 -0.00 0.01 -0.63 -2.57 -0.19
0.010 0.00 -0.01 0.00 -0.17 -1.98 -1.13
0.010 0.01 -0.00 0.01 -0.18 -0.48 -1.03
0.010 -0.00 0.00 0.00 -0.86 -0.35 0.00
0.010 0.01 0.01 0.01 -1.35 -1.06 1.21
0.010 0.02 -0.01 0.02 -0.85 -2.10 0.69
0.011 0.01 -0.01 0.01 -0.44 -2.22 -0.91
0.010 0.01 0.00 -0.00 -0.37 -2.22 -0.25
0.010 0.00 0.01 -0.00 -0.67 -2.55 1.00
0.010 0.02 -0.01 0.01 -1.44 -2.54 1.35
0.010 0.02 -0.02 0.00 -0.82 -2.86 -0.31
0.010 0.02 -0.01 0.00 -0.14 -2.37 -1.36
0.010 0.01 0.00 -0.00 -0.43 -2.49 -0.43
0.010 0.01 -0.00 0.01 -1.00 -2.43 0.27
0.010 0.01 -0.01 0.01 -0.62 -3.25 -0.05
0.010 0.02 -0.01 -0.01 -0.47 -4.35 -1.15
0.010 0.02 -0.00 -0.01 -0.27 -3.21 -0.92
0.010 0.01 0.01 -0.00 -0.69 -2.13 -0.27
0.010 0.00 0.00 -0.00 -1.61 -1.66 0.53
0.010 0.01 -0.01 0.01 -1.28 -1.95 1.15
0.010 0.02 -0.02 0.01 -0.56 -2.48 -0.23
0.010 0.02 -0.00 0.01 -0.49 -2.90 -0.01
0.010 0.01 -0.00 -0.00 -1.10 -3.58 0.47
0.011 0.02 -0.01 -0.00 -0.99 -3.17 -0.25
0.010 0.00 -0.01 -0.01 -1.01 -2.80 -0.20
0.010 0.01 -0.01 -0.01 -1.35 -2.24 -0.24
0.010 0.02 -0.01 -0.01 -1.34 -1.87 0.25
0.010 0.02 -0.01 -0.01 -1.53 -2.11 -0.46
0.010 0.01 -0.01 -0.02 -1.23 -3.13 -0.66
0.010 0.01 0.01 -0.01 -0.86 -2.61 0.53
0.010 0.01 0.01 -0.02 -1.58 -1.85 1.55
0.010 0.02 -0.01 -0.01 -0.88 -1.92 1.08
0.010 0.01 -0.00 -0.01 -0.13 -1.32 0.08
0.010 0.03 -0.00 -0.01 -0.10 -0.22 -0.07
0.010 0.03 -0.01 -0.01 -0.51 -0.13 0.14
0.010 0.03 -0.01 -0.01 -0.86 -1.26 0.21
0.010 0.02 -0.00 0.00 -1.46 -2.05 -0.11
0.010 0.02 -0.01 -0.02 -1.24 -1.78 -0.13
0.010 0.01 0.00 -0.00 -1.02 -1.33 0.10
0.010 0.02 0.00 -0.01 -0.81 -0.99 0.94
0.010 0.02 0.01 0.00 -0.91 -0.48 1.52
0.010 0.03 -0.01 -0.00 -0.29 0.20 0.23
0.010 0.02 -0.02 -0.01 0.12 0.29 -0.72
0.010 0.02 -0.00 -0.01 0.08 0.40 -0.01
0.010 0.02 -0.01 -0.01 -0.35 -0.80 1.00
0.010 0.04 -0.01 0.01 -1.09 -1.18 0.73
0.010 0.03 -0.00 0.01 -1.62 -1.06 0.54
0.010 0.03 -0.01 0.00 -1.52 -1.60 1.10
0.010 0.01 -0.01 -0.01 -1.38 -1.71 1.34
0.010 0.01 -0.01 -0.00 -0.98 -1.01 1.34
0.010 0.03 -0.01 0.00 -0.11 -0.01 0.76
0.010 0.02 -0.01 0.01 0.18 -0.03 0.75
0.010 0.03 -0.02 -0.00 0.27 -0.55 0.67
0.010 0.02 -0.02 0.00 -0.04 -0.75 -0.54
0.010 0.03 -0.02 -0.00 -0.89 -0.92 -0.62
0.010 0.03 -0.01 0.00 -1.66 -0.82 -0.30
0.010 0.02 -0.01 0.01 -2.21 -0.93 0.69
0.011 0.01 -0.02 -0.00 -2.32 -1.51 1.02
0.010 0.02 -0.01 0.01 -1.50 -1.22 -0.15
0.010 0.02 -0.00 -0.00 -0.47 -0.82 -0.28
0.010 0.02 -0.01 -0.01 -0.10 -1.14 0.66
0.010 0.02 -0.01 -0.01 0.02 -1.83 0.26
0.010 0.02 -0.02 -0.01 0.52 -0.56 -0.72
0.010 0.02 -0.01 -0.02 0.66 0.10 -0.72
0.010 0.02 -0.01 -0.01 0.53 0.10 -0.07
0.010 0.02 -0.01 -0.01 0.31 -0.03 0.75
0.010 0.03 -0.02 -0.01 0.14 0.43 0.73
0.010 0.03 -0.01 0.00 -0.53 -0.06 0.19
0.010 0.02 -0.02 -0.00 -1.21 -0.99 0.17
0.010 0.02 -0.01 -0.00 -1.77 -1.35 0.60
0.010 0.02 -0.00 -0.00 -2.45 -1.62 1.43
0.010 0.03 -0.00 -0.01 -1.97 -2.09 1.44
0.010 0.03 -0.01 -0.01 -1.36 -1.18 0.77
0.010 0.02 -0.01 -0.01 -0.84 0.09 -0.17
0.011 0.01 -0.01 -0.01 -0.89 1.04 -0.31
0.010 0.01 0.00 -0.00 -0.95 1.81 0.28
0.010 0.03 -0.01 0.00 -1.08 1.22 1.23
0.010 0.04 -0.01 0.01 -0.89 -0.22 0.82
0.010 0.02 -0.02 -0.00 0.04 -0.80 0.10
0.010 0.03 -0.02 0.01 -0.08 -0.45 -0.34
0.010 0.03 -0.02 0.00 -0.02 -0.51 0.00
0.010 0.03 -0.01 -0.01 -0.20 -1.38 0.29
0.010 0.03 -0.01 -0.00 -0.32 -1.47 1.15
0.010 0.02 -0.02 -0.00 -0.05 -1.21 0.56
0.010 0.02 -0.01 -0.01 -0.29 -1.16 0.15
0.010 0.03 -0.01 0.00 -0.68 -1.86 1.09
0.010 0.03 -0.02 0.00 -1.21 -2.57 0.40
0.010 0.03 -0.02 -0.01 -1.28 -2.57 -0.50
0.010 0.03 -0.02 0.00 -0.91 -2.10 -0.61
0.010 0.02 -0.01 -0.00 -0.86 -2.41 -0.26
0.010 0.02 -0.01 -0.01 -0.46 -2.96 -0.21
0.010 0.02 -0.01 -0.01 -0.00 -3.29 -0.52
0.010 0.04 -0.01 0.01 0.69 -3.83 -1.30
0.010 0.03 -0.02 -0.00 0.73 -4.83 -1.94
0.010 0.03 -0.01 0.00 0.43 -5.80 -2.02
0.010 0.02 -0.01 -0.01 0.06 -5.30 -1.63
0.010 0.02 -0.01 -0.01 -0.16 -5.44 -1.34
0.010 0.03 -0.01 -0.01 -0.02 -5.76 -0.99
0.010 0.03 -0.02 -0.02 0.35 -5.39 -1.14
0.010 0.03 -0.02 -0.02 0.93 -6.67 -1.09
0.010 0.04 -0.02 -0.01 0.73 -7.72 -0.72
0.010 0.04 -0.02 -0.00 0.31 -8.29 -1.01
0.010 0.04 -0.02 -0.01 -0.05 -8.64 -0.98
0.010 0.05 -0.02 0.00 0.05 -7.80 -0.89
0.010 0.04 -0.01 -0.01 0.14 -7.73 -0.76
0.010 0.04 -0.01 -0.00 0.02 -8.92 0.00
0.010 0.05 -0.01 -0.00 0.26 -10.29 0.18
0.010 0.06 0.00 -0.00 0.73 -9.39 0.36
0.011 0.06 -0.02 0.02 0.92 -8.89 -0.62
0.010 0.07 -0.02 0.01 0.89 -10.24 -1.59
0.010 0.07 -0.01 0.00 1.34 -11.91 -2.66
0.010 0.06 -0.02 -0.00 1.88 -11.71 -2.56
0.010 0.06 -0.02 -0.01 1.94 -12.21 -1.85
0.010 0.06 -0.01 -0.01 1.66 -11.82 -0.87
0.010 0.06 -0.02 -0.02 1.82 -10.30 -0.58
0.010 0.06 -0.02 -0.01 1.62 -9.31 -0.65
0.010 0.06 -0.02 -0.01 1.31 -8.50 -0.69
0.010 0.07 -0.02 -0.01 1.11 -8.45 -1.26
0.010 0.07 -0.02 -0.01 0.54 -9.19 -1.18
0.010 0.08 -0.01 -0.01 0.39 -8.70 -0.99
0.010 0.08 -0.01 -0.02 -0.17 -8.58 -0.62
0.010 0.07 -0.01 -0.02 -0.69 -9.48 -0.48
0.010 0.07 -0.01 -0.00 -0.73 -10.03 -0.40
0.010 0.08 0.00 -0.01 -1.33 -9.84 0.82
0.010 0.08 -0.00 -0.00 -1.11 -11.22 0.91
0.011 0.08 -0.01 0.00 -0.47 -13.10 0.68
0.010 0.09 -0.02 -0.01 0.50 -12.57 -0.70
0.010 0.09 -0.01 -0.01 1.21 -10.85 -1.60
0.010 0.09 -0.01 -0.02 1.15 -10.41 -1.96
0.010 0.10 -0.01 -0.01 0.58 -10.38 -1.47
0.010 0.10 -0.01 -0.02 0.25 -10.39 -1.08
0.010 0.09 -0.01 -0.02 0.05 -11.09 -0.18
0.010 0.09 -0.01 -0.02 -0.00 -12.04 0.01
0.010 0.10 -0.00 -0.02 -0.27 -12.35 0.08
0.010 0.10 -0.00 -0.02 -0.72 -13.03 1.14
0.010 0.11 -0.01 -0.00 -1.24 -13.35 1.04
0.010 0.11 -0.02 -0.01 -0.66 -14.39 -0.24
0.010 0.11 -0.01 -0.02 -0.37 -15.19 -1.16
0.010 0.11 -0.01 -0.02 -0.47 -13.91 -1.01
0.010 0.11 -0.01 -0.02 -0.82 -12.51 -0.93
0.010 0.11 -0.00 -0.02 -1.08 -11.32 -0.98
0.010 0.11 -0.00 -0.02 -1.21 -12.57 -0.20
0.010 0.12 -0.01 -0.01 -1.06 -14.62 -0.20
0.010 0.13 -0.01 -0.02 -0.50 -16.05 -0.45
0.010 0.13 -0.01 -0.00 -0.62 -16.98 -1.03
0.010 0.13 -0.02 -0.02 -0.73 -16.87 -1.34
0.010 0.12 -0.02 -0.03 -0.94 -16.37 -1.33
0.010 0.12 -0.00 -0.03 -1.27 -15.07 -0.53
0.010 0.13 -0.01 -0.03 -1.70 -13.51 0.25
0.010 0.13 -0.02 -0.03 -1.46 -13.03 -0.09
0.010 0.14 -0.01 -0.02 -1.43 -13.58 -1.42
0.010 0.14 -0.02 -0.02 -1.94 -14.64 -1.36
0.010 0.16 -0.02 -0.01 -2.63 -17.94 -1.02
0.010 0.16 -0.03 -0.02 -2.54 -19.58 -3.15
0.010 0.15 -0.01 -0.03 -2.22 -19.08 -4.41
0.010 0.14 0.00 -0.04 -2.28 -17.45 -3.47
0.010 0.13 -0.01 -0.05 -2.22 -16.05 -2.05
0.010 0.14 -0.01 -0.05 -2.18 -17.01 -1.71
0.010 0.15 -0.01 -0.03 -1.95 -17.18 -1.49
0.011 0.17 -0.02 -0.04 -1.59 -15.93 -2.01
0.010 0.16 -0.01 -0.04 -1.07 -14.74 -1.82
0.010 0.16 -0.01 -0.05 -0.98 -13.80 -0.96
0.010 0.16 -0.02 -0.03 -0.63 -14.29 -1.52
0.010 0.17 -0.02 -0.03 -0.47 -15.17 -1.76
0.010 0.19 -0.01 -0.03 -0.69 -15.20 -1.04
0.010 0.19 -0.02 -0.03 -0.62 -13.80 -1.54
0.010 0.18 -0.01 -0.02 -0.95 -13.43 -1.37
0.010 0.18 -0.01 -0.04 -1.11 -13.88 -0.22
0.010 0.18 -0.02 -0.04 -1.03 -13.82 0.15
0.010 0.18 -0.03 -0.03 -1.27 -13.26 0.36
0.010 0.19 -0.03 -0.03 -1.34 -13.25 -0.08
0.010 0.20 -0.02 -0.04 -1.21 -13.70 -0.84
0.010 0.19 -0.02 -0.05 -1.37 -12.93 -1.60
0.010 0.20 -0.03 -0.02 -1.94 -12.35 -1.70
0.010 0.21 -0.01 -0.02 -2.60 -12.74 -1.16
0.010 0.21 -0.03 -0.04 -2.90 -15.40 -0.95
0.011 0.21 -0.02 -0.03 -2.51 -16.36 -1.12
0.010 0.21 -0.01 -0.04 -1.46 -15.64 -0.94
0.010 0.20 -0.02 -0.04 -1.11 -13.76 -0.56
0.010 0.20 -0.02 -0.05 -1.29 -12.91 -0.57
0.010 0.21 -0.02 -0.04 -1.95 -12.74 -0.34
0.010 0.23 -0.03 -0.04 -2.45 -13.56 -0.58
0.010 0.23 -0.03 -0.05 -2.69 -14.70 -1.34
0.010 0.22 -0.02 -0.05 -2.70 -14.66 -1.14
0.010 0.21 -0.02 -0.06 -3.02 -14.98 -0.55
0.010 0.22 -0.01 -0.05 -2.55 -15.51 -0.24
0.010 0.23 -0.01 -0.06 -2.58 -16.12 0.39
0.010 0.24 -0.02 -0.05 -2.34 -15.80 0.09
0.010 0.22 -0.01 -0.05 -2.39 -16.25 -0.05
0.010 0.23 -0.01 -0.07 -1.73 -15.62 -0.37
0.010 0.23 -0.01 -0.07 -1.47 -14.75 -1.05
0.010 0.22 -0.02 -0.06 -1.32 -13.93 -0.73
0.010 0.25 -0.01 -0.06 -1.79 -14.47 -0.72
0.010 0.25 -0.01 -0.07 -2.17 -14.49 -1.03
0.010 0.25 -0.01 -0.06 -1.88 -13.68 -0.54
0.010 0.26 -0.03 -0.06 -1.79 -14.35 -0.90
0.010 0.26 -0.03 -0.06 -1.52 -16.06 -1.54
0.010 0.26 -0.03 -0.07 -1.02 -18.24 -1.92
0.010 0.25 -0.03 -0.08 -0.62 -18.12 -2.24
0.010 0.23 -0.02 -0.09 -1.02 -17.14 -1.18
0.010 0.24 -0.02 -0.07 -2.01 -15.54 -0.01
0.010 0.24 -0.02 -0.09 -2.11 -15.09 0.19
0.010 0.25 -0.03 -0.09 -1.74 -14.48 -0.82
0.010 0.26 -0.01 -0.08 -2.06 -13.25 -1.18
0.010 0.27 -0.03 -0.08 -2.57 -12.48 -0.89
0.010 0.27 -0.04 -0.07 -2.48 -13.70 -1.26
0.010 0.28 -0.02 -0.06 -2.53 -15.03 -1.32
0.010 0.29 -0.03 -0.07 -2.04 -15.70 -1.56
0.010 0.28 -0.03 -0.08 -1.43 -14.94 -1.20
0.010 0.27 -0.02 -0.07 -1.60 -15.10 -0.19
0.011 0.29 -0.02 -0.09 -1.42 -15.55 0.34
0.010 0.28 -0.02 -0.08 -1.00 -15.99 -0.06
0.010 0.28 -0.02 -0.08 -0.15 -15.19 -0.31
0.010 0.29 -0.03 -0.08 -0.50 -15.12 -0.72
0.010 0.30 -0.02 -0.08 -0.73 -16.12 -0.96
0.010 0.31 -0.03 -0.06 -1.34 -16.77 -1.31
0.010 0.31 -0.03 -0.08 -1.34 -15.75 -2.18
0.010 0.30 -0.02 -0.10 -0.85 -13.87 -2.60
0.010 0.30 -0.02 -0.10 -0.60 -13.51 -1.47
0.010 0.30 -0.03 -0.09 -0.38 -13.05 -0.31
0.010 0.30 -0.04 -0.10 -0.38 -12.47 -0.43
0.010 0.32 -0.04 -0.09 -0.98 -12.38 -0.29
0.010 0.33 -0.04 -0.08 -1.94 -13.17 -0.46
0.010 0.33 -0.04 -0.09 -2.40 -14.15 -0.86
0.010 0.32 -0.04 -0.09 -2.66 -14.83 -0.90
0.010 0.31 -0.04 -0.09 -3.35 -14.70 -1.23
0.010 0.32 -0.02 -0.10 -3.42 -12.66 -1.12
0.011 0.33 -0.02 -0.10 -3.31 -10.83 -0.50
0.010 0.33 -0.02 -0.09 -2.56 -10.87 0.27
0.010 0.33 -0.02 -0.09 -0.49 -12.04 -0.15
0.010 0.34 -0.02 -0.10 0.74 -12.93 -0.35
0.010 0.33 -0.04 -0.10 0.56 -12.67 -0.79
0.010 0.34 -0.03 -0.10 -0.08 -11.28 -1.03
0.010 0.34 -0.04 -0.09 -1.35 -10.48 -0.66
0.010 0.34 -0.05 -0.11 -2.63 -11.43 -0.80
0.010 0.34 -0.05 -0.10 -3.21 -12.69 -1.33
0.010 0.34 -0.03 -0.12 -3.22 -11.08 -0.77
0.010 0.33 -0.03 -0.12 -3.25 -9.02 -0.35
0.010 0.34 -0.04 -0.11 -3.14 -7.90 -0.28
0.010 0.34 -0.04 -0.11 -2.55 -8.22 0.05
0.010 0.35 -0.04 -0.11 -1.69 -8.39 -0.32
0.010 0.34 -0.03 -0.12 -0.69 -7.75 -0.56
0.010 0.34 -0.03 -0.12 -0.57 -7.44 -0.38
0.010 0.35 -0.04 -0.11 -0.87 -8.04 -0.77
0.010 0.36 -0.05 -0.11 -1.50 -8.57 -1.56
0.010 0.36 -0.04 -0.12 -2.26 -8.39 -1.71
0.010 0.35 -0.03 -0.11 -3.19 -8.83 -0.36
0.010 0.37 -0.03 -0.11 -4.03 -10.30 0.05
0.010 0.37 -0.02 -0.11 -4.31 -11.19 0.04
0.010 0.36 -0.04 -0.10 -3.67 -10.51 -0.26
0.010 0.35 -0.02 -0.12 -2.34 -9.69 -0.60
0.010 0.35 -0.03 -0.12 -1.31 -10.35 0.23
0.010 0.37 -0.04 -0.12 -0.70 -10.25 -0.30
0.010 0.37 -0.06 -0.11 -0.91 -10.09 -2.05
0.010 0.37 -0.04 -0.12 -1.66 -10.28 -2.12
0.010 0.37 -0.03 -0.12 -2.49 -10.92 -2.08
0.010 0.37 -0.04 -0.13 -3.28 -11.79 -1.19
0.010 0.38 -0.04 -0.12 -3.76 -12.62 -0.88
0.010 0.37 -0.03 -0.13 -3.75 -13.95 -0.18
0.010 0.38 -0.04 -0.12 -3.45 -14.64 1.08
0.010 0.39 -0.03 -0.13 -3.30 -15.62 1.24
0.011 0.38 -0.03 -0.14 -3.79 -16.83 0.89
0.010 0.38 -0.03 -0.14 -4.04 -16.85 1.08
0.010 0.38 -0.03 -0.13 -4.37 -16.51 1.28
0.010 0.38 -0.05 -0.14 -4.02 -15.36 0.53
0.010 0.38 -0.05 -0.16 -3.69 -14.17 -0.47
0.010 0.38 -0.04 -0.15 -3.44 -12.26 -1.05
0.010 0.39 -0.03 -0.16 -2.40 -10.60 -0.59
0.010 0.38 -0.04 -0.14 -1.69 -10.29 -0.65
0.010 0.39 -0.05 -0.15 -1.17 -10.19 -0.39
0.010 0.40 -0.04 -0.14 -0.98 -10.36 -0.21
0.010 0.40 -0.06 -0.14 -1.20 -11.03 -0.71
0.010 0.40 -0.06 -0.15 -1.73 -10.56 -1.62
0.010 0.39 -0.04 -0.14 -2.31 -8.79 -1.02
0.010 0.39 -0.04 -0.14 -2.41 -7.98 0.11
0.010 0.40 -0.05 -0.16 -2.28 -8.56 -0.19
0.010 0.39 -0.05 -0.15 -2.11 -8.67 -0.38
0.010 0.40 -0.05 -0.15 -2.18 -6.95 -0.07
0.011 0.42 -0.04 -0.13 -2.94 -7.00 0.71
0.010 0.43 -0.05 -0.13 -3.04 -9.20 0.41
0.010 0.42 -0.05 -0.14 -2.82 -11.99 -0.78
0.010 0.41 -0.04 -0.15 -2.25 -12.67 -1.09
0.010 0.40 -0.04 -0.16 -2.22 -11.48 -0.59
0.010 0.41 -0.04 -0.16 -2.31 -10.05 0.05
0.010 0.42 -0.05 -0.17 -2.25 -8.83 -0.25
0.010 0.41 -0.05 -0.16 -2.19 -8.72 -0.35
0.010 0.43 -0.05 -0.15 -2.11 -8.22 -0.36
0.010 0.42 -0.05 -0.17 -2.24 -8.46 -0.33
0.010 0.42 -0.05 -0.15 -2.91 -9.58 -0.19
0.010 0.43 -0.05 -0.14 -2.85 -9.97 -0.53
0.010 0.44 -0.05 -0.15 -3.52 -11.58 -0.10
0.010 0.44 -0.05 -0.14 -3.86 -13.60 -0.01
0.010 0.44 -0.05 -0.15 -3.91 -14.77 -0.03
0.010 0.42 -0.04 -0.17 -4.33 -13.75 0.29
0.010 0.43 -0.05 -0.17 -4.27 -12.06 1.08
0.010 0.43 -0.06 -0.18 -4.15 -12.05 1.08
0.010 0.44 -0.06 -0.16 -3.72 -12.92 1.03
0.010 0.44 -0.06 -0.17 -3.05 -13.03 0.75
0.010 0.45 -0.06 -0.17 -2.34 -12.87 -0.84
0.010 0.43 -0.05 -0.18 -2.20 -12.54 -1.08
0.010 0.43 -0.06 -0.17 -2.46 -13.24 0.19
0.010 0.44 -0.07 -0.18 -2.76 -15.08 0.03
0.010 0.44 -0.06 -0.18 -3.43 -14.60 -0.76
0.010 0.43 -0.05 -0.19 -3.60 -11.74 -0.31
0.010 0.44 -0.05 -0.20 -3.33 -9.07 0.53
0.010 0.44 -0.05 -0.20 -2.97 -7.72 0.71
0.010 0.45 -0.07 -0.17 -2.62 -8.52 0.85
0.010 0.46 -0.07 -0.19 -2.16 -9.97 -0.54
0.010 0.45 -0.07 -0.19 -2.14 -10.38 -1.43
0.010 0.45 -0.06 -0.19 -2.42 -8.65 -1.27
0.010 0.46 -0.06 -0.20 -3.05 -7.37 -0.84
0.010 0.46 -0.06 -0.19 -3.07 -7.12 -0.92
0.011 0.47 -0.04 -0.19 -2.32 -6.45 -0.82
0.010 0.45 -0.06 -0.20 -1.49 -6.19 -0.50
0.010 0.46 -0.06 -0.19 -0.79 -6.35 -1.06
0.010 0.47 -0.05 -0.17 -1.05 -6.24 -0.95
0.010 0.48 -0.06 -0.18 -0.92 -6.66 -1.51
0.010 0.47 -0.07 -0.17 -1.06 -7.12 -2.44
0.010 0.48 -0.06 -0.17 -2.07 -7.82 -2.09
0.010 0.47 -0.06 -0.18 -2.27 -8.82 -1.90
0.010 0.46 -0.06 -0.19 -2.44 -8.84 -2.51
0.010 0.47 -0.04 -0.20 -2.07 -6.96 -2.10
0.010 0.45 -0.04 -0.21 -1.08 -4.78 -1.50
0.010 0.46 -0.04 -0.21 -0.57 -4.35 -0.54
0.010 0.47 -0.05 -0.19 0.10 -4.20 0.19
0.010 0.48 -0.06 -0.20 0.49 -5.09 -0.56
0.010 0.48 -0.07 -0.20 0.58 -7.03 -1.43
0.010 0.47 -0.07 -0.21 0.24 -7.65 -1.87
0.010 0.47 -0.06 -0.20 -1.33 -6.97 -1.19
0.011 0.48 -0.06 -0.20 -2.79 -6.77 -1.10
0.010 0.47 -0.06 -0.20 -3.44 -7.99 -0.76
0.010 0.48 -0.06 -0.20 -3.17 -7.58 -0.89
0.010 0.48 -0.06 -0.22 -2.76 -6.38 -0.81
0.010 0.47 -0.05 -0.21 -2.01 -6.39 -0.14
0.010 0.48 -0.06 -0.21 -1.28 -6.90 0.35
0.010 0.48 -0.06 -0.22 -0.75 -7.16 0.31
0.010 0.49 -0.06 -0.20 -1.09 -5.99 -0.21
0.010 0.50 -0.07 -0.20 -1.78 -6.26 0.22
0.010 0.50 -0.07 -0.20 -1.62 -7.50 -0.36
0.010 0.48 -0.07 -0.21 -1.72 -8.56 -1.62
0.010 0.49 -0.06 -0.22 -1.53 -6.93 -1.97
0.010 0.48 -0.06 -0.22 -1.50 -5.18 -1.63
0.010 0.48 -0.07 -0.21 -2.00 -5.70 -1.02
0.010 0.50 -0.06 -0.20 -2.05 -7.17 -0.55
0.010 0.50 -0.06 -0.21 -1.15 -7.73 -1.04
0.010 0.49 -0.06 -0.21 -0.49 -8.45 -1.34
0.010 0.49 -0.07 -0.23 -0.15 -8.16 -1.26
0.010 0.50 -0.05 -0.21 -0.72 -6.79 -0.46
0.010 0.50 -0.07 -0.20 -1.40 -6.42 -0.22
0.010 0.50 -0.06 -0.22 -1.55 -6.41 -1.47
0.010 0.49 -0.06 -0.23 -1.82 -6.18 -1.36
0.010 0.48 -0.06 -0.23 -1.76 -5.28 -0.79
0.010 0.51 -0.06 -0.22 -1.59 -4.38 -0.65
0.010 0.49 -0.07 -0.22 -1.35 -5.01 -1.18
0.010 0.50 -0.06 -0.21 -0.31 -5.75 -1.37
0.010 0.49 -0.05 -0.22 0.24 -6.03 -1.29
0.010 0.50 -0.05 -0.21 0.33 -6.16 -0.35
0.010 0.50 -0.06 -0.22 0.20 -6.29 0.11
0.010 0.50 -0.06 -0.22 -0.36 -7.37 -0.65
0.010 0.51 -0.07 -0.23 -1.06 -7.38 -0.89
0.010 0.52 -0.06 -0.22 -1.56 -6.97 -0.78
0.010 0.50 -0.05 -0.22 -1.76 -7.89 -0.79
0.010 0.50 -0.05 -0.22 -1.02 -8.16 -0.12
0.011 0.50 -0.06 -0.21 0.55 -7.02 0.73
0.010 0.52 -0.06 -0.24 -0.09 -7.16 -0.91
0.010 0.50 -0.07 -0.22 0.85 -7.92 -0.84
0.010 0.50 -0.06 -0.24 0.93 -7.20 -1.27
0.010 0.50 -0.06 -0.25 0.56 -6.09 -1.34
0.010 0.51 -0.07 -0.23 0.04 -6.93 -0.72
0.010 0.52 -0.06 -0.23 -0.87 -8.71 -0.82
0.010 0.52 -0.07 -0.22 -1.51 -10.55 -0.81
0.010 0.53 -0.07 -0.22 -1.42 -10.53 -0.89
0.010 0.51 -0.06 -0.24 -1.43 -11.19 -1.24
0.010 0.51 -0.06 -0.25 -1.34 -10.09 -0.83
0.010 0.51 -0.05 -0.25 -0.75 -8.36 -0.54
0.010 0.51 -0.05 -0.25 -0.33 -7.38 -0.19
0.010 0.52 -0.07 -0.24 0.21 -6.56 -0.53
0.010 0.52 -0.06 -0.25 0.24 -4.62 -1.15
0.010 0.52 -0.05 -0.24 0.28 -2.88 -0.21
0.010 0.52 -0.05 -0.23 -0.18 -3.40 -0.23
0.011 0.54 -0.07 -0.23 -0.76 -5.24 -0.26
0.010 0.54 -0.07 -0.23 -0.46 -6.29 -0.74
0.010 0.52 -0.06 -0.24 -0.32 -5.93 -0.44
0.010 0.52 -0.06 -0.23 0.02 -6.12 0.88
0.010 0.54 -0.06 -0.24 0.47 -6.95 0.31
0.010 0.53 -0.07 -0.24 0.79 -7.22 -0.62
0.010 0.51 -0.07 -0.24 0.35 -6.67 -1.11
0.010 0.53 -0.06 -0.25 0.24 -4.35 -1.45
0.010 0.53 -0.05 -0.25 0.52 -1.63 -0.66
0.010 0.53 -0.06 -0.24 -0.21 -2.07 -0.18
0.010 0.55 -0.08 -0.22 -0.58 -4.93 -0.34
0.010 0.56 -0.06 -0.23 -0.20 -6.93 -1.00
0.010 0.54 -0.06 -0.24 0.18 -7.86 -1.21
0.010 0.52 -0.06 -0.26 0.14 -7.26 -1.49
0.010 0.53 -0.06 -0.26 0.06 -4.00 -1.57
0.010 0.52 -0.06 -0.27 -1.39 -1.89 -0.79
0.010 0.54 -0.05 -0.25 -1.70 -0.95 0.18
0.010 0.54 -0.05 -0.25 -1.09 -1.37 0.87
0.010 0.54 -0.07 -0.23 -0.57 -3.45 0.29
0.010 0.54 -0.08 -0.26 0.11 -5.15 -1.70
0.010 0.52 -0.06 -0.26 0.49 -3.77 -2.25
0.010 0.52 -0.05 -0.27 -0.37 -1.30 -1.05
0.010 0.54 -0.06 -0.26 -0.66 -0.63 -0.32
0.010 0.53 -0.07 -0.27 -1.55 -0.88 -0.47
0.010 0.53 -0.06 -0.26 -1.18 0.07 -0.44
0.010 0.53 -0.05 -0.27 -0.47 0.38 0.19
0.010 0.53 -0.05 -0.27 0.43 0.76 0.37
0.010 0.52 -0.06 -0.28 0.98 1.75 0.15
0.010 0.53 -0.06 -0.26 1.24 2.87 0.23
0.010 0.54 -0.07 -0.25 0.06 2.23 0.57
0.010 0.55 -0.08 -0.25 -1.49 1.30 0.03
0.010 0.55 -0.06 -0.25 -2.44 1.35 0.14
0.010 0.54 -0.06 -0.25 -3.06 -0.07 0.47
0.010 0.54 -0.07 -0.25 -2.95 -1.04 -0.06
0.011 0.53 -0.06 -0.26 -2.26 -0.08 -0.43
0.010 0.53 -0.04 -0.25 -1.24 1.36 -0.14
0.010 0.53 -0.05 -0.26 -0.22 1.84 -0.18
0.010 0.54 -0.07 -0.25 0.60 2.44 -0.98
0.010 0.55 -0.05 -0.23 0.98 2.15 -0.90
0.010 0.55 -0.06 -0.22 1.14 0.07 -0.70
0.010 0.55 -0.06 -0.24 0.98 -1.93 -0.99
0.010 0.54 -0.06 -0.25 -0.06 -1.67 -1.40
0.010 0.54 -0.06 -0.26 -1.05 -0.09 -0.56
0.010 0.53 -0.05 -0.25 -1.80 0.97 1.25
0.010 0.55 -0.05 -0.26 -1.73 1.34 1.60
0.010 0.55 -0.06 -0.26 -1.34 0.82 1.28
0.010 0.55 -0.07 -0.25 -0.64 -0.02 1.06
0.010 0.54 -0.07 -0.24 -0.31 -1.48 0.42
0.010 0.56 -0.08 -0.25 -0.63 -1.92 -0.72
0.010 0.54 -0.06 -0.25 -1.11 -0.85 -0.80
0.010 0.53 -0.06 -0.25 -0.69 -0.26 -0.14
0.011 0.53 -0.06 -0.26 -0.74 -0.18 0.39
0.010 0.53 -0.07 -0.24 -1.37 -0.27 1.09
0.010 0.55 -0.07 -0.24 -1.40 0.33 0.81
0.010 0.54 -0.06 -0.24 -1.34 -0.82 0.60
0.010 0.54 -0.07 -0.25 -1.09 -1.16 0.85
0.010 0.54 -0.07 -0.25 -1.21 -0.53 0.72
0.010 0.54 -0.07 -0.25 -0.99 0.08 0.50
0.010 0.54 -0.08 -0.25 -1.05 0.01 0.24
0.010 0.53 -0.07 -0.24 -1.10 -0.23 0.47
0.010 0.55 -0.07 -0.25 -0.92 -0.41 0.82
0.010 0.54 -0.07 -0.25 -1.00 -2.01 0.04
0.010 0.54 -0.07 -0.25 -0.64 -2.50 0.22
0.010 0.54 -0.08 -0.25 -0.79 -2.80 -0.04
0.010 0.54 -0.07 -0.26 -1.08 -1.48 -0.65
0.010 0.54 -0.07 -0.26 -0.95 0.29 -0.65
0.010 0.52 -0.07 -0.26 -1.47 0.94 -0.46
0.010 0.55 -0.06 -0.24 -2.43 0.02 -0.25
0.010 0.56 -0.07 -0.25 -2.05 -0.56 0.05
0.010 0.55 -0.07 -0.25 -1.69 -2.41 -0.09
0.010 0.54 -0.06 -0.26 -0.91 -2.87 -0.57
0.010 0.53 -0.06 -0.27 -0.02 -1.00 -0.89
0.010 0.53 -0.06 -0.26 -0.37 -0.36 0.23
0.010 0.56 -0.08 -0.23 -0.73 -2.07 -0.41
0.010 0.55 -0.07 -0.25 -0.61 -2.97 -1.85
0.010 0.53 -0.05 -0.26 -0.45 -2.61 -1.00
0.010 0.52 -0.05 -0.27 0.30 -1.77 -0.51
0.010 0.52 -0.05 -0.28 0.53 0.60 0.05
0.010 0.54 -0.06 -0.26 0.14 1.24 0.94
0.010 0.56 -0.06 -0.24 0.08 -0.03 0.25
0.010 0.54 -0.05 -0.26 0.59 -2.09 -0.08
0.010 0.54 -0.05 -0.26 1.47 -2.02 0.29
0.010 0.53 -0.05 -0.28 1.68 0.13 0.50
0.010 0.53 -0.07 -0.27 0.53 2.46 0.57
0.010 0.56 -0.09 -0.26 -1.33 1.78 1.00
0.011 0.56 -0.07 -0.26 -1.39 -0.00 0.28
0.010 0.53 -0.06 -0.25 -1.42 -0.65 0.41
0.010 0.53 -0.06 -0.25 -0.89 0.74 1.15
0.010 0.54 -0.08 -0.26 -0.52 1.91 0.25
0.010 0.55 -0.07 -0.26 -0.03 1.44 -0.40
0.010 0.54 -0.06 -0.26 0.28 0.99 -0.69
0.010 0.53 -0.06 -0.26 0.56 2.36 0.01
0.010 0.54 -0.05 -0.24 0.69 4.07 0.69
0.010 0.54 -0.08 -0.24 -0.05 2.71 1.11
0.010 0.56 -0.09 -0.24 -1.27 1.22 0.61
0.010 0.56 -0.06 -0.25 -1.69 0.08 0.40
0.010 0.53 -0.06 -0.25 -1.29 0.27 0.24
0.010 0.54 -0.07 -0.24 -0.92 0.69 0.73
0.010 0.54 -0.07 -0.24 -1.11 0.14 0.79
0.010 0.54 -0.07 -0.24 -1.32 -0.35 0.52
0.010 0.54 -0.06 -0.24 -0.65 -0.47 0.64
0.010 0.54 -0.05 -0.25 0.14 -0.43 1.27
0.011 0.54 -0.06 -0.26 0.37 -0.04 1.30
0.010 0.55 -0.08 -0.25 -0.17 1.26 0.79
0.010 0.54 -0.08 -0.24 -0.65 1.41 0.15
0.010 0.54 -0.08 -0.24 -0.82 0.13 0.14
0.010 0.54 -0.07 -0.25 -0.78 -0.70 0.25
0.010 0.53 -0.07 -0.25 -0.69 -2.29 0.54
0.010 0.54 -0.08 -0.25 -0.62 -2.21 0.26
0.010 0.55 -0.08 -0.25 -1.15 -1.14 -0.16
0.010 0.53 -0.07 -0.25 -0.91 -1.45 0.10
0.010 0.54 -0.07 -0.26 -0.35 -0.67 0.29
0.010 0.55 -0.08 -0.27 0.31 -0.37 -0.05
0.010 0.54 -0.08 -0.26 0.20 0.21 -0.41
0.010 0.55 -0.07 -0.26 0.10 -0.48 -0.41
0.010 0.54 -0.07 -0.26 -0.06 -1.76 -0.73
0.010 0.53 -0.07 -0.26 -0.36 -1.48 -1.53
0.010 0.52 -0.06 -0.26 -0.21 -0.19 -1.12
0.010 0.53 -0.06 -0.26 -0.63 -0.39 -0.27
0.010 0.54 -0.08 -0.25 -1.12 -0.31 -0.31
0.010 0.53 -0.07 -0.26 -1.14 0.23 -0.21
0.010 0.52 -0.06 -0.26 -0.72 0.72 0.15
0.010 0.53 -0.06 -0.25 0.38 1.20 0.73
0.010 0.53 -0.06 -0.26 0.72 1.37 0.82
0.010 0.54 -0.07 -0.24 0.59 0.96 0.86
0.010 0.55 -0.08 -0.26 0.24 0.27 -0.25
0.010 0.54 -0.08 -0.25 -0.73 0.30 -0.31
0.010 0.55 -0.08 -0.24 -0.98 0.22 -0.28
0.010 0.54 -0.07 -0.25 -1.07 0.46 -0.66
0.010 0.54 -0.07 -0.24 -1.03 1.37 -0.56
0.010 0.55 -0.07 -0.24 -0.75 0.55 -0.38
0.010 0.55 -0.06 -0.25 -0.27 -0.28 -0.26
0.010 0.55 -0.07 -0.24 -0.24 -0.64 -0.07
0.010 0.55 -0.07 -0.24 -0.37 -0.93 -0.38
0.010 0.55 -0.06 -0.25 0.12 -0.69 -0.53
0.010 0.54 -0.06 -0.25 0.25 -0.18 -0.59
0.011 0.53 -0.07 -0.26 0.13 -0.25 -0.30
0.010 0.55 -0.06 -0.25 -0.00 -0.21 0.20
0.010 0.55 -0.08 -0.25 0.05 -0.46 0.10
0.010 0.54 -0.09 -0.26 -0.42 -0.98 -0.11
0.010 0.54 -0.07 -0.25 -1.10 -0.76 0.15
0.010 0.54 -0.07 -0.25 -1.16 -0.45 0.44
0.010 0.54 -0.08 -0.27 -0.55 -0.45 0.66
0.010 0.53 -0.07 -0.26 -0.16 0.07 0.40
0.010 0.54 -0.08 -0.25 -0.63 0.92 0.09
0.010 0.54 -0.08 -0.26 -1.18 1.13 0.18
0.010 0.55 -0.07 -0.25 -1.44 0.97 0.28
0.010 0.54 -0.07 -0.24 -0.89 -0.20 0.85
0.010 0.55 -0.07 -0.25 -0.54 -1.48 0.90
0.010 0.55 -0.07 -0.24 -0.02 -2.24 0.22
0.010 0.54 -0.07 -0.25 0.29 -1.21 0.41
0.010 0.55 -0.06 -0.26 0.25 -0.41 0.70
0.010 0.54 -0.08 -0.25 -0.23 -0.49 0.37
0.011 0.55 -0.08 -0.26 -0.69 0.33 0.24
0.010 0.54 -0.08 -0.25 -1.35 -0.54 0.53
0.010 0.55 -0.08 -0.26 -0.86 -0.34 0.34
0.010 0.54 -0.07 -0.27 -0.30 0.15 0.16
0.010 0.54 -0.07 -0.25 -0.12 0.64 0.15
0.010 0.54 -0.07 -0.26 0.05 0.49 -0.07
0.010 0.55 -0.07 -0.25 -0.07 0.62 0.24
0.010 0.54 -0.06 -0.26 -0.05 0.79 0.73
0.010 0.54 -0.07 -0.26 0.11 0.29 0.79
0.010 0.54 -0.07 -0.25 -0.36 0.30 0.45
0.010 0.55 -0.08 -0.25 -0.40 0.87 0.11
0.010 0.54 -0.08 -0.25 -0.47 0.93 0.13
0.010 0.54 -0.08 -0.25 -0.06 0.94 0.67
0.010 0.54 -0.07 -0.25 0.05 -0.03 0.56
0.010 0.54 -0.08 -0.26 0.12 -1.09 0.31
0.010 0.54 -0.06 -0.26 -0.16 -0.54 0.12
0.010 0.54 -0.06 -0.26 0.15 0.65 0.39
0.010 0.54 -0.07 -0.25 0.34 0.43 0.71
0.010 0.54 -0.07 -0.25 0.95 0.73 0.26
0.010 0.54 -0.08 -0.25 0.33 0.40 -0.01
0.010 0.54 -0.07 -0.26 -0.35 0.96 0.27
0.010 0.54 -0.07 -0.24 -0.72 1.20 0.79
0.010 0.54 -0.06 -0.25 -0.66 0.46 0.74
0.010 0.54 -0.07 -0.25 -0.18 -0.19 0.51
0.010 0.54 -0.08 -0.26 0.17 0.32 0.36
0.010 0.53 -0.07 -0.26 0.08 1.67 0.54
0.010 0.53 -0.08 -0.25 -0.22 1.43 1.36
0.010 0.54 -0.08 -0.26 -0.66 0.71 1.35
0.010 0.54 -0.08 -0.25 -0.66 0.20 0.86
0.010 0.54 -0.07 -0.25 -1.02 0.17 0.78
0.010 0.54 -0.07 -0.25 -0.95 0.30 1.24
0.010 0.55 -0.08 -0.24 -0.48 -0.03 1.11
0.010 0.54 -0.08 -0.25 0.14 -0.67 0.28
0.010 0.54 -0.07 -0.26 0.64 -0.05 0.34
0.011 0.54 -0.08 -0.25 0.45 0.53 0.22
0.010 0.54 -0.09 -0.25 0.50 0.95 -0.38
0.010 0.55 -0.08 -0.25 -0.38 0.75 -0.18
0.010 0.54 -0.07 -0.25 -1.11 0.39 0.08
0.010 0.55 -0.06 -0.25 -1.13 -0.18 0.86
0.010 0.54 -0.07 -0.24 -0.95 -0.51 0.86
0.010 0.54 -0.06 -0.25 -0.56 -1.12 0.45
0.010 0.54 -0.07 -0.25 -0.26 -0.41 0.15
0.010 0.53 -0.07 -0.26 0.28 -0.12 0.74
0.010 0.54 -0.07 -0.26 0.72 0.17 0.86
0.010 0.54 -0.08 -0.25 0.40 0.04 0.62
0.010 0.55 -0.08 -0.24 -0.17 -0.16 0.49
0.010 0.54 -0.08 -0.25 -0.69 -1.21 0.74
0.010 0.54 -0.08 -0.25 -0.29 -1.71 0.28
0.010 0.53 -0.08 -0.26 0.25 -0.77 -0.15
0.010 0.53 -0.08 -0.25 0.53 -0.52 0.27
0.010 0.54 -0.08 -0.26 0.39 -0.49 0.46
0.011 0.54 -0.08 -0.27 0.30 -0.35 0.02
0.010 0.53 -0.08 -0.27 0.14 0.24 0.46
0.010 0.54 -0.08 -0.25 0.87 0.38 0.40
0.010 0.53 -0.09 -0.26 0.20 -0.00 -0.29
0.010 0.53 -0.08 -0.26 -0.27 -0.25 -0.11
0.010 0.53 -0.08 -0.26 -0.48 -0.69 0.31
0.010 0.53 -0.08 -0.26 -0.39 -0.63 -0.40
0.010 0.52 -0.08 -0.27 -0.37 0.97 -0.26
0.010 0.53 -0.07 -0.26 -0.23 1.52 0.12
0.010 0.54 -0.07 -0.25 0.24 1.45 0.18
0.010 0.54 -0.07 -0.26 0.92 1.53 0.02
0.010 0.53 -0.07 -0.25 0.69 0.99 0.22
0.010 0.53 -0.08 -0.25 0.34 -0.03 0.58
0.010 0.53 -0.09 -0.25 -1.49 0.20 1.57
0.010 0.53 -0.07 -0.26 -1.12 1.94 1.18
0.010 0.55 -0.08 -0.25 -2.42 1.67 1.29
0.010 0.54 -0.07 -0.25 -1.76 1.12 1.05
0.010 0.55 -0.08 -0.25 -1.07 1.52 0.56
0.010 0.54 -0.09 -0.26 -0.62 1.65 0.21
0.010 0.55 -0.08 -0.25 -0.14 1.56 -0.82
0.010 0.55 -0.07 -0.24 0.04 1.20 -0.61
0.010 0.55 -0.07 -0.24 0.45 -0.89 0.05
0.010 0.55 -0.07 -0.24 0.69 -2.04 -0.56
0.010 0.55 -0.07 -0.25 0.95 -2.05 -1.02
0.010 0.53 -0.07 -0.26 0.92 -1.03 -0.35
0.010 0.55 -0.07 -0.25 0.53 -0.76 -0.18
0.010 0.55 -0.08 -0.26 -0.19 -0.19 -0.53
0.010 0.54 -0.07 -0.26 -0.61 1.27 -0.48
0.010 0.53 -0.06 -0.26 -0.21 1.89 0.81
0.010 0.54 -0.07 -0.26 0.14 0.56 1.33
0.010 0.55 -0.09 -0.24 0.40 -0.61 0.79
0.010 0.55 -0.09 -0.25 0.42 -2.31 -0.27
0.010 0.54 -0.07 -0.26 0.79 -1.62 -0.24
0.010 0.53 -0.08 -0.26 1.09 -0.22 -0.08
0.011 0.53 -0.09 -0.26 0.37 0.35 -0.03
0.010 0.54 -0.09 -0.26 -0.53 1.17 -0.50
0.010 0.54 -0.07 -0.26 -0.98 1.62 0.15
0.010 0.54 -0.07 -0.25 -0.43 1.15 0.37
0.010 0.54 -0.07 -0.24 -0.04 0.39 0.67
0.010 0.54 -0.08 -0.24 0.36 -0.67 0.41
0.010 0.55 -0.08 -0.24 0.87 -1.10 -0.47
0.010 0.54 -0.07 -0.24 0.86 -0.35 -0.46
0.010 0.54 -0.08 -0.25 0.84 -0.17 0.00
0.010 0.53 -0.08 -0.25 0.59 -0.29 0.09
0.010 0.52 -0.08 -0.25 -0.05 0.03 0.14
0.010 0.54 -0.08 -0.25 -0.08 1.25 -0.10
0.010 0.54 -0.08 -0.26 -0.49 1.57 -0.38
0.010 0.53 -0.08 -0.25 -0.30 1.01 0.25
0.010 0.54 -0.07 -0.25 -0.08 0.24 -0.21
0.010 0.54 -0.07 -0.24 -0.24 -0.32 0.23
0.010 0.54 -0.07 -0.25 -0.21 -0.66 0.11
0.011 0.54 -0.07 -0.25 -0.17 -0.72 -0.11
0.010 0.53 -0.07 -0.26 0.60 -0.22 -0.26
0.010 0.53 -0.07 -0.26 0.42 0.78 -0.10
0.010 0.53 -0.07 -0.25 0.68 1.99 0.63
0.010 0.52 -0.08 -0.26 0.20 2.40 0.71
0.010 0.54 -0.08 -0.24 -0.24 1.72 0.82
0.010 0.55 -0.08 -0.24 -0.59 0.46 1.05
0.010 0.54 -0.09 -0.24 -0.69 -0.88 0.02
0.010 0.53 -0.08 -0.26 -0.16 -0.27 -0.32
0.010 0.53 -0.08 -0.25 -0.07 0.53 -0.40
0.010 0.54 -0.08 -0.26 -0.29 1.37 -0.17
0.010 0.54 -0.07 -0.25 -0.02 1.59 0.22
0.010 0.54 -0.07 -0.26 0.51 1.13 0.40
0.010 0.54 -0.07 -0.25 0.96 0.30 0.18
0.010 0.54 -0.08 -0.24 0.61 -0.09 -0.34
0.010 0.54 -0.07 -0.25 -0.18 0.26 0.11
0.010 0.53 -0.08 -0.25 -0.42 0.11 0.79
0.010 0.53 -0.08 -0.26 -0.90 0.42 0.72
0.010 0.54 -0.07 -0.24 -0.83 1.15 0.49
0.010 0.54 -0.08 -0.25 -0.27 1.68 -0.05
0.010 0.54 -0.08 -0.24 0.45 0.95 -0.41
0.010 0.53 -0.08 -0.24 0.53 -0.74 -0.40
0.010 0.55 -0.08 -0.25 -0.01 -1.22 -0.44
0.010 0.54 -0.07 -0.24 0.37 -1.23 -0.42
0.010 0.53 -0.07 -0.25 0.23 -0.92 -0.22
0.010 0.53 -0.08 -0.26 0.27 0.09 0.11
0.010 0.54 -0.07 -0.25 -0.51 1.15 0.58
0.010 0.54 -0.08 -0.25 -0.58 0.07 0.10
0.010 0.53 -0.07 -0.24 -0.14 0.03 -0.11
0.010 0.53 -0.07 -0.26 0.27 0.78 0.15
0.010 0.53 -0.08 -0.25 0.46 0.65 0.21
0.010 0.54 -0.08 -0.25 -0.28 0.64 0.12
0.010 0.54 -0.07 -0.24 -0.53 -0.12 0.19
0.010 0.54 -0.07 -0.24 -0.41 -0.57 0.13
0.011 0.53 -0.07 -0.24 -0.39 0.36 0.43
0.010 0.54 -0.07 -0.25 0.37 0.89 0.42
0.010 0.53 -0.06 -0.25 1.53 0.02 0.24
0.010 0.53 -0.07 -0.25 1.90 0.18 -0.16
0.010 0.52 -0.09 -0.25 1.52 0.76 -0.55
0.010 0.54 -0.09 -0.25 0.13 1.03 -0.43
0.010 0.53 -0.08 -0.25 -1.11 1.38 0.18
0.010 0.53 -0.07 -0.26 -1.04 0.75 0.73
0.010 0.54 -0.08 -0.25 -0.82 0.26 0.93
0.010 0.54 -0.08 -0.24 -0.22 -0.29 0.44
0.010 0.53 -0.07 -0.24 0.54 -1.48 0.01
0.010 0.53 -0.07 -0.25 1.38 -1.32 -0.22
0.010 0.54 -0.08 -0.26 1.60 0.22 -0.67
0.010 0.52 -0.08 -0.26 0.97 1.41 -0.77
0.010 0.53 -0.07 -0.27 0.81 2.46 0.61
0.010 0.52 -0.08 -0.26 0.50 2.18 0.90
0.010 0.52 -0.09 -0.25 -0.36 2.24 0.53
0.011 0.54 -0.08 -0.24 -0.50 2.31 0.91
0.010 0.53 -0.08 -0.24 0.07 0.10 0.66
0.010 0.54 -0.07 -0.24 1.05 -1.07 0.37
0.010 0.53 -0.08 -0.25 1.79 -0.03 -0.14
0.010 0.53 -0.07 -0.25 2.37 0.62 -0.59
0.010 0.53 -0.07 -0.26 2.58 1.01 -0.80
0.010 0.53 -0.07 -0.28 2.14 2.46 -0.34
0.010 0.52 -0.07 -0.26 1.39 3.09 0.35
0.010 0.52 -0.08 -0.26 1.37 3.12 0.91
0.010 0.53 -0.07 -0.24 0.71 2.79 1.18
0.010 0.54 -0.08 -0.24 0.69 2.81 1.02
0.010 0.53 -0.08 -0.24 0.89 2.20 0.67
0.010 0.53 -0.09 -0.24 0.61 2.23 0.41
0.010 0.53 -0.09 -0.24 0.47 3.37 0.22
0.010 0.53 -0.08 -0.25 0.67 4.33 0.05
0.010 0.54 -0.07 -0.24 0.98 4.17 -0.16
0.010 0.53 -0.08 -0.24 1.18 3.95 -0.91
0.010 0.54 -0.06 -0.21 1.68 3.64 -0.80
0.010 0.54 -0.06 -0.21 3.04 1.60 -0.71
0.010 0.54 -0.06 -0.22 3.89 -0.10 -0.82
0.010 0.53 -0.06 -0.24 4.63 -0.06 -0.98
0.010 0.51 -0.05 -0.26 4.80 1.92 -0.21
0.010 0.52 -0.06 -0.25 4.46 2.88 0.86
0.010 0.52 -0.06 -0.24 4.03 1.97 0.80
0.010 0.53 -0.07 -0.24 3.90 0.97 0.61
0.010 0.53 -0.06 -0.24 3.76 0.32 1.37
0.010 0.53 -0.06 -0.24 4.13 0.40 1.10
0.010 0.52 -0.06 -0.24 5.05 1.17 1.08
0.010 0.53 -0.07 -0.25 5.70 2.30 0.16
0.010 0.54 -0.08 -0.25 6.66 5.39 -1.08
0.010 0.53 -0.08 -0.23 8.20 8.45 -2.53
0.010 0.52 -0.09 -0.23 10.86 6.54 -4.06
0.010 0.55 -0.06 -0.25 11.33 5.31 -5.09
0.010 0.53 -0.08 -0.23 12.99 6.47 -4.31
0.011 0.51 -0.08 -0.22 15.61 4.80 -5.16
0.010 0.52 -0.05 -0.24 17.20 4.63 -6.02
0.010 0.52 -0.05 -0.24 17.41 6.15 -6.67
0.010 0.51 -0.05 -0.25 17.21 5.62 -7.11
0.010 0.51 -0.04 -0.24 15.28 5.30 -7.47
0.010 0.53 -0.04 -0.25 14.59 6.34 -6.63
0.010 0.53 -0.05 -0.22 15.00 5.89 -7.57
0.010 0.53 -0.04 -0.24 15.09 5.49 -8.44
0.010 0.52 -0.03 -0.22 16.17 4.71 -8.08
0.010 0.52 -0.04 -0.23 16.43 3.59 -8.08
0.010 0.52 -0.04 -0.23 15.82 3.96 -7.69
0.010 0.52 -0.03 -0.23 15.69 5.49 -8.00
0.010 0.53 -0.03 -0.24 15.52 7.44 -9.09
0.010 0.51 -0.02 -0.21 16.33 8.16 -7.88
0.010 0.52 -0.02 -0.23 17.66 6.52 -7.56
0.010 0.53 -0.02 -0.22 17.99 4.26 -9.82
0.010 0.52 -0.00 -0.22 18.72 3.39 -10.11
0.011 0.51 0.00 -0.21 19.63 3.32 -9.48
0.010 0.51 -0.01 -0.22 20.14 4.06 -10.10
0.010 0.52 0.00 -0.22 21.53 6.69 -10.61
0.010 0.52 0.00 -0.22 21.89 7.79 -11.40
0.010 0.52 0.00 -0.20 21.59 6.20 -12.17
0.010 0.52 0.02 -0.20 20.57 5.12 -12.43
0.010 0.51 0.03 -0.21 19.71 4.41 -11.16
0.010 0.50 0.02 -0.22 19.37 4.58 -10.08
0.010 0.50 0.02 -0.24 19.27 6.76 -9.67
0.010 0.50 0.02 -0.23 19.10 9.39 -9.75
0.010 0.50 0.03 -0.22 18.67 10.78 -9.66
0.010 0.48 0.03 -0.23 18.47 11.69 -9.04
0.010 0.50 0.06 -0.23 17.44 12.87 -7.82
0.010 0.49 0.05 -0.21 17.43 11.42 -7.37
0.010 0.50 0.05 -0.21 17.85 9.07 -8.08
0.010 0.51 0.04 -0.19 18.05 8.23 -9.00
0.010 0.50 0.05 -0.20 18.65 8.94 -9.08
0.010 0.49 0.06 -0.21 19.18 9.59 -8.35
0.010 0.49 0.06 -0.21 18.53 9.08 -8.66
0.010 0.49 0.06 -0.20 18.40 9.33 -8.23
0.010 0.49 0.06 -0.22 18.03 10.49 -7.39
0.010 0.49 0.07 -0.21 16.43 11.54 -6.43
0.010 0.49 0.07 -0.21 14.79 10.63 -5.86
0.010 0.48 0.08 -0.21 12.64 9.17 -5.56
0.010 0.49 0.08 -0.20 11.92 8.96 -5.18
0.010 0.49 0.08 -0.20 12.46 10.58 -5.49
0.010 0.49 0.08 -0.20 13.11 11.63 -5.76
0.010 0.49 0.07 -0.19 13.15 10.65 -6.41
0.010 0.47 0.07 -0.21 13.43 9.56 -7.18
0.010 0.47 0.09 -0.20 13.92 10.07 -7.83
0.010 0.47 0.10 -0.20 14.21 10.78 -7.92
0.010 0.48 0.10 -0.19 13.68 11.08 -7.52
0.010 0.48 0.10 -0.18 12.65 9.70 -6.98
0.010 0.48 0.10 -0.17 12.34 6.87 -7.10
0.011 0.48 0.10 -0.19 12.48 5.35 -7.66
0.010 0.48 0.11 -0.19 11.95 7.12 -7.12
0.010 0.45 0.11 -0.20 11.14 9.59 -6.39
0.010 0.45 0.12 -0.21 10.66 10.29 -5.07
0.010 0.46 0.11 -0.21 11.30 11.52 -5.04
0.010 0.46 0.11 -0.21 12.50 12.50 -5.93
0.010 0.46 0.11 -0.19 13.25 12.85 -6.90
0.010 0.46 0.12 -0.18 13.53 13.06 -7.24
