0.010 0.03 0.21 -0.02 2.71 -0.80 -1.12
0.010 0.02 0.21 -0.02 2.94 -1.10 -1.20
0.010 0.02 0.21 -0.02 2.74 -0.41 -1.23
0.010 0.02 0.21 -0.03 3.02 0.72 -0.86
0.010 0.02 0.21 -0.02 3.58 0.95 -0.81
0.010 0.02 0.21 -0.01 3.26 1.57 -0.91
0.010 0.02 0.21 -0.03 3.14 1.63 -0.80
0.010 0.03 0.23 -0.01 2.68 1.41 -0.49
0.010 0.03 0.22 -0.03 1.93 1.07 -0.41
0.010 0.02 0.21 -0.02 1.97 0.08 -0.74
0.010 0.02 0.22 -0.02 2.57 -1.14 -0.95
0.010 0.03 0.21 -0.02 3.62 -1.62 -0.83
0.010 0.03 0.21 -0.01 4.15 -0.73 -0.72
0.010 0.02 0.22 -0.02 4.73 0.49 -1.00
0.010 0.02 0.21 -0.02 3.42 1.68 -0.61
0.010 0.02 0.21 -0.02 2.78 1.90 0.37
0.010 0.02 0.22 -0.02 2.61 1.95 0.82
0.010 0.02 0.21 -0.03 2.53 1.63 0.51
0.010 0.03 0.22 -0.03 2.00 1.11 -0.44
0.010 0.02 0.22 -0.03 1.89 0.61 -0.49
0.010 0.01 0.22 -0.02 2.00 0.08 -0.07
0.010 0.01 0.22 -0.02 2.11 -0.65 -0.13
0.010 0.02 0.22 -0.02 2.85 -0.26 -0.05
0.011 0.02 0.23 -0.03 2.94 -0.40 0.09
0.010 0.02 0.24 -0.02 2.42 -0.60 0.29
0.010 0.01 0.22 -0.02 2.68 -1.11 0.10
0.010 0.01 0.23 -0.02 2.67 -0.27 -0.42
0.010 0.01 0.23 -0.02 2.47 0.84 -0.82
0.010 0.02 0.22 -0.02 2.47 2.15 -0.82
0.010 0.03 0.23 -0.01 2.55 3.18 -1.19
0.010 0.02 0.23 -0.02 2.49 1.96 -1.52
0.010 0.02 0.23 -0.02 2.98 1.40 -1.71
0.010 0.02 0.22 -0.01 3.78 1.79 -1.33
0.010 0.01 0.23 -0.02 3.96 2.47 -1.28
0.010 0.02 0.23 -0.02 3.95 2.46 -1.07
0.010 0.01 0.23 0.01 3.37 1.84 -1.13
0.010 0.02 0.22 -0.01 4.06 1.60 -1.06
0.010 0.02 0.22 -0.02 5.11 1.02 -1.03
0.010 0.02 0.22 -0.02 5.84 0.44 -1.28
0.010 0.03 0.23 -0.04 6.30 0.14 0.24
0.011 0.02 0.23 -0.02 5.56 -0.51 0.51
0.010 0.03 0.24 -0.03 4.99 0.99 -0.97
0.010 0.02 0.24 -0.04 5.04 2.17 -0.78
0.010 0.02 0.24 -0.03 4.55 2.89 -0.57
0.010 0.01 0.24 -0.01 4.35 3.38 -0.87
0.010 0.02 0.23 -0.02 4.95 3.00 -0.94
0.010 0.02 0.23 -0.03 5.70 1.92 -1.23
0.010 0.01 0.24 -0.02 6.33 0.92 -1.19
0.010 0.02 0.24 -0.03 6.20 0.34 -1.65
0.010 0.02 0.23 -0.02 6.15 0.18 -1.70
0.010 0.01 0.24 -0.04 6.46 0.92 -2.12
0.010 0.01 0.25 -0.03 6.24 0.15 -1.94
0.010 0.02 0.25 -0.03 6.26 -0.85 -1.97
0.010 0.02 0.26 -0.04 6.46 -0.73 -1.97
0.010 0.02 0.24 -0.04 7.10 0.04 -1.32
0.010 0.00 0.24 -0.03 6.49 0.23 -1.02
0.010 0.01 0.25 -0.04 6.24 -0.08 -1.17
0.010 0.02 0.24 -0.04 6.16 -0.24 -0.89
0.010 0.02 0.25 -0.04 5.98 0.08 -1.06
0.010 0.01 0.25 -0.04 6.28 -0.05 -1.13
0.010 0.02 0.25 -0.04 6.33 -0.18 -1.01
0.010 0.01 0.25 -0.03 5.92 1.11 -0.78
0.010 0.00 0.25 -0.04 5.55 2.97 -0.66
0.010 0.02 0.25 -0.03 4.52 3.47 -0.55
0.010 0.01 0.25 -0.03 4.84 2.31 -0.65
0.010 0.01 0.25 -0.04 5.76 0.60 -0.32
0.010 0.01 0.26 -0.03 5.91 -0.75 -0.17
0.010 0.00 0.26 -0.03 6.17 -0.66 0.25
0.010 0.00 0.26 -0.03 5.52 -0.26 0.18
0.010 0.01 0.26 -0.03 4.77 -0.85 0.24
0.010 0.01 0.26 -0.03 4.06 -1.17 0.25
0.010 0.01 0.27 -0.02 4.43 -0.73 0.31
0.010 0.02 0.27 -0.03 3.76 0.14 0.44
0.010 0.02 0.27 -0.02 3.10 0.66 0.13
0.011 0.02 0.27 -0.02 3.16 1.12 0.01
0.010 0.01 0.27 -0.02 3.10 0.72 0.28
0.010 0.01 0.26 -0.02 3.10 0.44 0.05
0.010 0.01 0.27 -0.02 3.83 -0.11 -0.13
0.010 0.01 0.27 -0.03 4.24 -0.55 -0.52
0.010 0.01 0.26 -0.03 4.92 0.32 -0.57
0.010 0.02 0.27 -0.04 4.42 0.90 -0.90
0.010 0.01 0.27 -0.03 3.59 1.28 -1.16
0.010 0.02 0.27 -0.04 3.23 1.44 -1.33
0.010 0.02 0.27 -0.05 3.45 1.27 -1.43
0.010 0.02 0.27 -0.04 3.56 1.72 -1.45
0.010 0.01 0.28 -0.03 3.30 1.40 -1.09
0.010 0.01 0.28 -0.03 3.75 1.04 -1.08
0.010 0.00 0.28 -0.04 3.90 0.56 -1.08
0.010 0.00 0.28 -0.04 4.10 0.44 -0.65
0.010 0.01 0.28 -0.04 3.29 0.73 -0.50
0.010 0.00 0.28 -0.04 2.78 0.41 -0.61
0.011 0.01 0.28 -0.05 2.68 -0.50 -0.50
0.010 0.00 0.28 -0.05 2.80 -0.73 -0.83
0.010 0.00 0.29 -0.05 2.16 -0.02 -1.19
0.010 0.01 0.28 -0.05 1.86 1.03 -0.96
0.010 0.01 0.28 -0.04 2.17 0.66 -1.07
0.010 0.01 0.28 -0.03 2.17 0.08 -1.29
0.010 0.01 0.28 -0.04 3.02 0.08 -1.07
0.010 0.01 0.28 -0.03 3.53 -0.78 -1.25
0.010 0.00 0.30 -0.03 3.91 -0.89 -1.36
0.010 -0.00 0.28 -0.03 4.21 -0.42 -1.39
0.010 0.00 0.29 -0.03 4.03 0.61 -0.61
0.010 -0.00 0.28 -0.04 3.84 -0.19 -1.16
0.010 0.01 0.28 -0.03 4.36 -1.43 -1.24
0.010 0.00 0.28 -0.03 4.47 -1.20 -1.20
0.010 0.01 0.28 -0.04 4.40 -0.81 -1.36
0.010 0.00 0.29 -0.03 3.97 -1.24 -1.20
0.010 0.00 0.29 -0.03 3.88 -0.66 -1.36
0.010 0.00 0.28 -0.04 3.77 0.14 -1.00
0.010 0.01 0.28 -0.03 3.24 0.60 -1.21
0.010 0.02 0.29 -0.04 2.86 0.13 -1.28
0.010 0.02 0.29 -0.03 2.75 -0.33 -1.09
0.010 0.02 0.29 -0.05 2.99 -0.64 -1.19
0.010 0.01 0.30 -0.04 3.23 -1.15 -1.29
0.010 0.01 0.29 -0.03 3.77 -1.07 -1.28
0.010 0.01 0.29 -0.05 3.55 -1.00 -1.16
0.010 0.01 0.29 -0.04 3.21 -0.37 -1.17
0.010 0.01 0.29 -0.04 2.20 0.82 -1.00
0.010 0.02 0.29 -0.05 1.88 1.10 -0.87
0.010 0.01 0.29 -0.05 2.40 0.66 -1.07
0.010 0.00 0.29 -0.04 2.65 -0.20 -1.32
0.010 0.00 0.29 -0.04 3.26 -0.39 -1.37
0.010 0.01 0.29 -0.04 3.17 -0.08 -0.99
0.010 0.01 0.29 -0.03 3.79 -0.82 -0.73
0.010 0.01 0.29 -0.04 4.67 -1.60 -0.92
0.011 0.01 0.29 -0.04 4.79 -1.85 -0.82
0.010 0.01 0.29 -0.04 4.67 -1.16 -0.65
0.010 0.01 0.30 -0.05 4.10 0.26 -0.19
0.010 0.01 0.29 -0.03 3.31 0.03 -0.26
0.010 0.01 0.29 -0.04 3.70 -0.98 -0.36
0.010 0.02 0.30 -0.03 3.61 -0.86 -0.74
0.010 0.01 0.30 -0.03 3.94 -0.22 -0.91
0.010 0.02 0.29 -0.04 4.50 0.66 -0.43
0.010 0.01 0.31 -0.03 4.79 0.37 -0.53
0.010 0.02 0.30 -0.03 4.67 -0.31 -0.47
0.010 0.01 0.30 -0.03 4.89 -0.76 -0.61
0.010 0.01 0.30 -0.04 4.82 -0.72 -0.01
0.010 0.01 0.30 -0.04 4.99 -0.33 0.00
0.010 0.01 0.30 -0.04 4.83 -0.27 -0.03
0.010 0.02 0.30 -0.04 4.88 -1.26 -0.35
0.010 0.02 0.30 -0.04 4.68 -1.41 -0.62
0.010 0.01 0.32 -0.04 5.01 -1.22 -0.15
0.011 0.01 0.31 -0.05 4.43 -0.69 -0.26
0.010 0.02 0.31 -0.05 4.50 -1.14 -0.13
0.010 0.01 0.31 -0.04 4.24 -2.13 -0.38
0.010 0.02 0.31 -0.05 3.95 -2.41 -0.43
0.010 0.01 0.32 -0.04 3.50 -1.63 -0.14
0.010 0.01 0.31 -0.04 3.55 -1.06 -0.22
0.010 0.00 0.32 -0.04 3.13 -0.40 0.18
0.010 0.00 0.31 -0.05 3.20 0.32 0.29
0.010 0.00 0.31 -0.05 2.98 0.78 0.23
0.010 0.01 0.32 -0.05 2.62 0.38 0.36
0.010 0.02 0.31 -0.05 2.76 -1.21 0.22
0.010 0.01 0.31 -0.05 3.12 -1.99 0.15
0.010 0.01 0.32 -0.05 4.11 -1.39 0.02
0.010 0.01 0.31 -0.04 4.54 -0.37 0.48
0.010 0.02 0.32 -0.04 5.09 -0.58 0.32
0.010 0.02 0.32 -0.05 5.26 -0.51 0.66
0.010 0.02 0.33 -0.04 4.36 -0.85 0.42
0.010 0.02 0.32 -0.04 3.84 -1.02 0.58
0.010 0.02 0.32 -0.05 3.89 -0.96 0.59
0.010 0.02 0.33 -0.06 4.25 -0.34 0.48
0.010 0.01 0.33 -0.05 3.47 -1.24 0.07
0.010 0.01 0.33 -0.04 2.97 -0.91 -0.03
0.010 0.02 0.33 -0.05 3.39 -0.02 0.06
0.010 0.01 0.33 -0.06 3.65 0.45 0.18
0.010 0.01 0.34 -0.04 3.77 0.52 0.17
0.010 0.01 0.33 -0.05 4.61 -0.19 0.38
0.010 0.02 0.32 -0.04 4.75 -0.03 0.04
0.010 0.03 0.33 -0.06 4.56 -0.18 -0.45
0.010 0.01 0.33 -0.06 3.75 -0.73 -0.60
0.010 0.01 0.34 -0.05 2.77 -0.66 -0.58
0.010 0.01 0.33 -0.06 2.01 0.66 -0.52
0.010 0.02 0.34 -0.05 2.17 1.92 -0.51
0.010 0.02 0.34 -0.05 2.63 1.76 -0.10
0.010 0.02 0.33 -0.06 3.63 0.70 -0.13
0.011 0.02 0.33 -0.06 4.09 1.02 -0.07
0.010 0.01 0.34 -0.05 4.00 0.21 -0.04
0.010 0.02 0.34 -0.05 4.52 -1.16 -0.41
0.010 0.01 0.33 -0.06 5.32 -2.01 -0.87
0.010 0.01 0.34 -0.04 5.04 -2.02 -0.84
0.010 0.01 0.33 -0.06 4.90 -1.47 -0.89
0.010 0.02 0.33 -0.05 4.46 -0.93 -0.71
0.010 0.02 0.34 -0.05 4.01 0.02 -0.72
0.010 0.01 0.34 -0.05 4.18 0.46 -0.56
0.010 0.02 0.34 -0.05 3.78 0.76 -0.91
0.010 0.02 0.34 -0.06 2.87 1.11 -1.18
0.010 0.01 0.34 -0.05 2.75 0.24 -1.34
0.010 0.02 0.34 -0.05 2.46 0.46 -1.12
0.010 0.01 0.34 -0.04 2.55 1.01 -1.07
0.010 0.02 0.34 -0.04 3.39 0.82 -0.92
0.010 0.03 0.34 -0.05 4.56 -0.28 -0.77
0.010 0.02 0.34 -0.05 5.16 -1.54 -0.97
0.011 0.02 0.35 -0.05 4.97 -2.38 -0.92
0.010 0.01 0.34 -0.06 4.91 -2.21 -0.54
0.010 0.01 0.34 -0.06 4.55 -1.49 -0.24
0.010 0.02 0.34 -0.06 4.23 -0.82 -0.12
0.010 0.01 0.34 -0.06 4.04 -0.34 -0.52
0.010 0.02 0.34 -0.05 3.10 -0.00 -0.61
0.010 0.02 0.34 -0.06 2.69 0.14 -0.47
0.010 0.02 0.34 -0.05 3.35 0.08 -0.72
0.010 0.02 0.35 -0.05 4.12 0.98 -0.49
0.010 0.01 0.35 -0.04 4.36 1.59 -0.64
0.010 0.02 0.35 -0.05 4.20 1.42 -0.81
0.010 0.02 0.35 -0.05 3.55 0.70 -0.60
0.010 0.03 0.35 -0.07 4.01 1.02 -0.26
0.010 0.02 0.35 -0.06 4.23 0.95 -0.26
0.010 0.02 0.35 -0.06 4.33 0.04 -0.19
0.010 0.02 0.35 -0.06 4.47 -0.33 -0.07
0.010 0.01 0.35 -0.06 3.95 0.05 -0.03
0.010 0.01 0.35 -0.05 3.04 -0.38 -0.51
0.010 0.01 0.35 -0.07 1.67 0.40 -0.58
0.010 0.00 0.35 -0.06 1.12 1.38 -0.26
0.010 0.01 0.35 -0.07 0.80 1.15 -0.43
0.010 0.03 0.35 -0.07 0.62 0.05 -0.33
0.010 0.04 0.36 -0.07 0.76 0.02 -0.09
0.010 0.01 0.36 -0.06 0.57 1.50 -0.30
0.010 0.00 0.35 -0.08 0.62 1.24 -0.07
0.010 0.02 0.36 -0.06 1.73 1.22 0.26
0.010 0.02 0.36 -0.07 2.42 0.75 0.36
0.010 0.01 0.36 -0.06 2.99 -0.45 0.22
0.010 -0.01 0.35 -0.08 3.38 -0.66 0.16
0.010 0.01 0.35 -0.08 2.04 0.56 0.16
0.010 0.01 0.36 -0.07 0.61 1.56 -0.01
0.010 0.02 0.36 -0.05 0.50 1.34 0.09
0.010 0.02 0.35 -0.07 0.48 1.16 0.14
0.010 0.02 0.36 -0.07 -0.12 2.07 0.19
0.011 0.01 0.36 -0.06 -0.02 1.22 0.12
0.010 0.02 0.36 -0.06 0.97 -0.36 0.19
0.010 0.02 0.37 -0.06 1.43 -1.03 0.10
0.010 0.02 0.37 -0.06 0.61 -0.66 0.25
0.010 0.01 0.36 -0.06 -0.48 -0.17 -0.04
0.010 0.01 0.36 -0.05 -1.16 -0.55 -0.02
0.010 0.01 0.36 -0.06 -1.09 -0.92 -0.16
0.010 0.02 0.36 -0.07 -0.84 0.40 0.28
0.010 0.02 0.36 -0.07 -0.11 0.53 0.37
0.010 0.02 0.35 -0.05 0.90 -0.39 0.43
0.010 0.02 0.36 -0.06 1.71 -1.22 0.23
0.010 0.01 0.36 -0.06 0.62 -1.37 0.03
0.010 0.01 0.36 -0.06 -0.22 -0.92 -0.06
0.010 0.02 0.36 -0.07 -0.40 -0.53 -0.00
0.010 0.02 0.36 -0.06 -0.43 0.62 0.20
0.010 0.02 0.36 -0.06 -0.49 0.34 0.16
0.010 0.02 0.36 -0.06 -0.29 -0.22 -0.17
0.011 0.02 0.36 -0.06 0.23 -1.20 0.09
0.010 0.01 0.36 -0.07 0.17 -1.05 -0.20
0.010 0.02 0.36 -0.07 -0.78 -1.33 -0.29
0.010 0.02 0.35 -0.07 -0.54 -1.52 0.09
0.010 0.01 0.36 -0.06 -0.33 -1.33 0.03
0.010 0.00 0.36 -0.06 -0.16 -0.38 0.09
0.010 0.01 0.36 -0.06 0.25 0.86 0.20
0.010 0.01 0.36 -0.06 0.36 0.54 -0.05
0.010 0.02 0.35 -0.06 0.66 -1.07 -0.38
0.010 0.02 0.36 -0.07 1.11 -1.37 -0.29
0.010 0.02 0.36 -0.05 0.88 -0.72 -0.28
0.010 0.02 0.36 -0.06 0.98 -0.99 -0.08
0.010 0.01 0.35 -0.05 1.27 -1.81 -0.04
0.010 0.01 0.36 -0.06 1.04 -2.10 -0.28
0.010 0.02 0.36 -0.07 0.48 -2.29 -0.17
0.010 0.02 0.36 -0.07 -0.90 -2.08 -0.26
0.010 0.03 0.36 -0.06 -1.55 -1.24 -0.16
0.010 0.03 0.36 -0.06 -1.20 -1.16 -0.05
0.010 0.03 0.35 -0.05 -0.29 -1.28 -0.20
0.010 0.02 0.36 -0.05 0.68 -1.40 -0.60
0.010 0.02 0.36 -0.06 0.53 -1.31 -0.59
0.010 0.01 0.36 -0.07 -0.39 -0.69 -0.76
0.010 0.02 0.36 -0.07 -0.77 0.22 -0.42
0.010 0.02 0.36 -0.07 -1.20 0.37 -0.17
0.010 0.02 0.36 -0.07 -0.82 0.02 -0.48
0.010 0.02 0.36 -0.05 -0.85 -0.33 -0.26
0.010 0.02 0.36 -0.05 -1.12 0.48 -0.65
0.010 0.01 0.36 -0.04 -1.19 1.67 -0.29
0.010 0.02 0.36 -0.04 -1.16 1.53 -0.19
0.010 0.02 0.36 -0.05 -1.00 0.26 -0.16
0.010 0.02 0.36 -0.06 0.00 -0.82 -0.16
0.010 0.02 0.36 -0.06 -0.24 -1.18 -0.13
0.010 0.02 0.36 -0.07 -0.83 -0.99 -0.08
0.010 0.02 0.36 -0.06 -1.41 -1.33 -0.09
0.011 0.02 0.36 -0.06 -1.70 -1.16 0.03
0.010 0.01 0.36 -0.06 -1.42 0.31 0.46
0.010 0.01 0.37 -0.05 -1.80 1.06 0.12
0.010 0.01 0.36 -0.06 -2.22 0.77 -0.11
0.010 0.03 0.36 -0.07 -1.74 0.85 -0.00
0.010 0.02 0.36 -0.06 -1.33 0.53 -0.07
0.010 0.02 0.35 -0.06 -1.16 0.48 -0.10
0.010 0.01 0.36 -0.07 -1.41 -0.05 -0.08
0.010 0.01 0.36 -0.06 -1.99 -0.73 -0.47
0.010 0.02 0.35 -0.05 -1.83 -0.30 -0.02
0.010 0.02 0.36 -0.07 -1.85 0.98 -0.10
0.010 0.01 0.36 -0.07 -1.90 0.68 -0.08
0.010 0.03 0.35 -0.07 -1.25 -0.13 0.38
0.010 0.03 0.36 -0.07 -1.17 0.17 0.57
0.010 0.02 0.36 -0.08 -0.78 -1.27 0.13
0.010 0.02 0.35 -0.07 -0.04 -1.60 0.08
0.010 0.03 0.35 -0.06 0.28 -0.11 0.23
0.011 0.02 0.35 -0.09 -0.36 -0.54 -0.19
0.010 0.00 0.36 -0.05 -1.65 0.35 -0.35
0.010 0.03 0.35 -0.08 -2.58 -0.11 -0.16
0.010 0.02 0.36 -0.06 -2.83 -0.13 0.10
0.010 0.02 0.35 -0.07 -0.90 -1.31 0.09
0.010 0.02 0.35 -0.06 0.06 -0.99 -0.20
0.010 0.02 0.36 -0.06 0.25 -0.43 -0.31
0.010 0.03 0.35 -0.08 0.17 -0.64 -0.45
0.010 0.02 0.36 -0.06 -0.56 0.37 -0.51
0.010 0.02 0.36 -0.07 -1.19 0.87 -0.56
0.010 0.03 0.35 -0.07 -1.42 0.57 -0.46
0.010 0.02 0.36 -0.05 -0.77 0.51 -0.49
0.010 0.04 0.36 -0.08 -0.17 -0.69 -0.37
0.010 0.03 0.35 -0.04 0.61 -0.15 -0.02
0.010 0.02 0.36 -0.04 1.08 0.55 -0.25
0.010 0.03 0.35 -0.06 0.84 0.17 -0.13
0.010 0.02 0.35 -0.07 0.71 1.72 -0.17
0.010 0.01 0.36 -0.06 0.71 1.99 -0.20
0.010 0.02 0.35 -0.05 0.38 1.02 -0.44
0.010 0.04 0.36 -0.06 0.81 -0.11 -0.36
0.010 0.02 0.36 -0.06 1.39 -1.39 -0.56
0.010 0.02 0.35 -0.06 1.27 -1.27 -0.42
0.010 0.01 0.35 -0.07 0.74 0.20 0.18
0.010 0.02 0.35 -0.06 0.23 1.91 0.09
0.010 0.02 0.36 -0.07 -0.32 0.44 -0.18
0.010 0.02 0.35 -0.05 -0.51 -0.50 -0.58
0.010 0.02 0.35 -0.06 -0.14 -0.11 -0.49
0.010 0.01 0.35 -0.05 -0.49 0.34 -0.42
0.010 0.02 0.35 -0.05 0.58 0.92 -0.27
0.010 0.02 0.35 -0.05 0.84 0.40 -0.60
0.010 0.02 0.36 -0.05 0.45 -0.26 -0.61
0.010 0.03 0.36 -0.07 -0.48 -0.37 -0.39
0.010 0.02 0.35 -0.06 -0.78 0.50 -0.03
0.010 0.02 0.36 -0.07 -1.57 0.03 -0.03
0.011 0.02 0.35 -0.06 -1.11 -0.82 -0.20
0.010 0.02 0.36 -0.07 -0.52 -1.05 -0.48
0.010 0.01 0.36 -0.05 -0.76 -1.03 -0.49
0.010 0.02 0.36 -0.06 -1.67 0.31 -0.33
0.010 0.01 0.36 -0.06 -2.16 1.31 -0.14
0.010 0.02 0.35 -0.07 -1.79 1.08 -0.03
0.010 0.03 0.36 -0.06 -0.92 0.21 0.03
0.010 0.02 0.35 -0.07 -0.76 -1.06 -0.41
0.010 0.02 0.35 -0.06 -0.95 -1.08 -0.24
0.010 0.02 0.35 -0.06 -1.33 -1.26 -0.39
0.010 0.02 0.35 -0.05 -1.41 -0.81 -0.50
0.010 0.02 0.35 -0.05 -1.27 0.53 -0.36
0.010 0.01 0.36 -0.05 -1.45 0.94 -0.70
0.010 0.01 0.35 -0.05 -1.74 0.24 -0.52
0.010 0.02 0.35 -0.08 -2.08 -0.48 -0.61
0.010 0.01 0.36 -0.05 -3.20 -0.53 -0.60
0.010 0.01 0.35 -0.05 -4.15 -0.12 -0.34
0.011 0.01 0.35 -0.03 -3.53 0.47 -0.58
0.010 0.02 0.36 -0.05 -2.12 0.18 -0.48
0.010 0.01 0.35 -0.05 -1.16 0.23 -0.76
0.010 0.03 0.36 -0.06 -1.00 -0.37 -0.87
0.010 0.03 0.36 -0.06 -1.96 -0.37 -0.94
0.010 0.03 0.36 -0.07 -2.89 0.14 -0.59
0.010 0.03 0.35 -0.07 -3.45 -0.81 -0.69
0.010 0.02 0.34 -0.06 -3.51 -0.47 -0.55
0.010 0.01 0.34 -0.06 -4.13 -0.25 -0.49
0.010 0.01 0.35 -0.07 -4.72 -0.17 -0.49
0.010 0.01 0.34 -0.06 -5.42 -1.06 -0.47
0.010 0.02 0.34 -0.07 -5.67 -1.34 -0.45
0.010 0.01 0.34 -0.05 -6.06 -0.29 -0.58
0.010 0.01 0.34 -0.05 -5.69 0.23 -0.62
0.010 0.03 0.35 -0.06 -6.18 -0.53 -0.84
0.010 0.03 0.35 -0.06 -6.16 -0.82 -1.00
0.010 0.04 0.35 -0.07 -6.74 -2.01 -0.88
0.010 0.02 0.35 -0.06 -7.01 -2.19 -1.10
0.010 0.01 0.34 -0.05 -7.27 -0.99 -0.80
0.010 0.01 0.34 -0.05 -6.65 0.40 -0.42
0.010 0.02 0.33 -0.05 -6.14 0.15 -0.13
0.010 0.02 0.33 -0.06 -5.79 0.04 0.04
0.010 0.02 0.33 -0.05 -5.81 -0.66 -0.13
0.010 0.03 0.33 -0.06 -5.75 -1.70 -0.44
0.010 0.02 0.33 -0.05 -5.30 -1.68 -0.55
0.010 0.02 0.33 -0.04 -5.29 -0.57 -0.25
0.010 0.02 0.33 -0.04 -6.03 -0.63 0.16
0.010 0.02 0.33 -0.05 -6.25 -0.74 0.12
0.010 0.02 0.33 -0.05 -6.18 -0.19 0.31
0.010 0.02 0.32 -0.04 -6.40 -0.31 0.27
0.010 0.03 0.32 -0.04 -6.00 -1.18 0.07
0.010 0.03 0.33 -0.05 -6.17 -0.56 0.15
0.010 0.03 0.32 -0.03 -6.62 0.19 0.33
0.010 0.03 0.32 -0.04 -6.34 -0.34 -0.00
0.011 0.04 0.32 -0.05 -5.82 -0.88 0.12
0.010 0.03 0.32 -0.05 -5.71 -0.58 0.27
0.010 0.02 0.32 -0.05 -4.88 -0.25 0.20
0.010 0.02 0.31 -0.04 -4.70 0.33 0.47
0.010 0.02 0.32 -0.05 -5.09 1.57 0.73
0.010 0.02 0.31 -0.04 -5.74 1.02 0.81
0.010 0.04 0.32 -0.05 -5.85 0.76 0.61
0.010 0.02 0.32 -0.06 -6.08 0.94 0.72
0.010 0.02 0.31 -0.05 -6.45 0.11 0.38
0.010 0.03 0.32 -0.04 -6.20 -0.60 -1.07
0.010 0.03 0.32 -0.05 -6.04 0.06 -1.45
0.010 0.02 0.31 -0.06 -5.89 0.65 -1.72
0.010 0.01 0.31 -0.05 -5.90 1.14 -1.36
0.010 0.02 0.31 -0.06 -5.42 1.37 -0.48
0.010 0.03 0.32 -0.04 -4.51 1.22 -0.85
0.010 0.03 0.32 -0.04 -3.83 1.46 -1.93
0.010 0.01 0.31 -0.05 -3.42 0.15 -0.85
0.011 0.01 0.32 -0.05 -3.38 -0.35 -0.06
0.010 0.02 0.31 -0.05 -3.90 -0.49 0.03
0.010 0.01 0.31 -0.05 -4.05 -0.47 0.17
0.010 0.01 0.31 -0.04 -5.01 -0.03 -0.03
0.010 0.02 0.30 -0.04 -5.57 0.08 -0.22
0.010 0.02 0.31 -0.04 -6.23 0.82 -0.65
0.010 0.02 0.31 -0.03 -6.94 0.69 -1.11
0.010 0.02 0.30 -0.04 -7.22 0.39 -0.68
0.010 0.02 0.30 -0.04 -6.93 1.71 -0.26
0.010 0.02 0.31 -0.04 -6.80 2.56 -0.14
0.010 0.02 0.31 -0.03 -7.46 3.41 0.03
0.010 0.02 0.30 -0.03 -6.83 2.89 -0.01
0.010 0.02 0.31 -0.04 -6.09 1.91 -0.04
0.010 0.02 0.30 -0.05 -5.00 1.08 -0.30
0.010 0.02 0.30 -0.05 -3.92 0.34 -0.62
0.010 0.02 0.29 -0.05 -3.56 0.67 -0.82
0.010 0.02 0.29 -0.05 -3.40 0.45 -0.66
0.010 0.02 0.29 -0.04 -3.63 -0.02 -0.39
0.010 0.01 0.29 -0.04 -4.60 -0.45 -0.49
0.010 0.01 0.29 -0.06 -5.45 -0.02 -0.21
0.010 0.01 0.29 -0.04 -6.25 0.56 0.03
0.010 0.02 0.28 -0.05 -6.36 1.18 0.57
0.010 0.02 0.28 -0.03 -5.89 1.32 0.49
0.010 0.02 0.29 -0.03 -5.02 0.59 0.16
0.010 0.02 0.29 -0.04 -4.51 0.23 -0.16
0.010 0.02 0.30 -0.04 -4.84 -0.98 -0.52
0.010 0.02 0.29 -0.05 -4.43 -1.24 -0.39
0.010 0.01 0.30 -0.04 -4.64 -1.01 -0.31
0.010 0.02 0.28 -0.03 -4.22 -1.15 -0.41
0.010 0.03 0.28 -0.05 -3.31 0.20 -0.26
0.010 0.02 0.29 -0.04 -3.62 0.85 -0.11
0.010 0.03 0.28 -0.05 -4.68 1.42 -0.25
0.010 0.01 0.29 -0.05 -5.77 2.11 -0.14
0.010 0.03 0.28 -0.03 -5.13 1.21 0.12
0.011 0.02 0.28 -0.01 -3.60 0.14 -0.03
0.010 0.01 0.28 -0.02 -2.90 0.31 0.07
0.010 0.00 0.28 -0.02 -3.44 -0.25 -0.25
0.010 0.02 0.28 -0.03 -4.21 -0.06 -0.30
0.010 0.03 0.28 -0.04 -4.88 -0.30 -0.35
0.010 0.03 0.28 -0.03 -6.04 -0.27 -0.32
0.010 0.02 0.28 -0.04 -6.48 0.30 -0.06
0.010 0.03 0.28 -0.04 -7.03 1.12 0.03
0.010 0.01 0.28 -0.03 -6.57 1.76 -0.02
0.010 0.02 0.28 -0.03 -5.94 2.46 -0.10
0.010 0.02 0.27 -0.02 -5.57 2.44 -0.06
0.010 0.02 0.28 -0.02 -5.29 1.24 -0.36
0.010 0.02 0.27 -0.04 -4.90 0.04 -0.74
0.010 0.02 0.28 -0.04 -5.25 0.21 -0.31
0.010 0.03 0.27 -0.04 -5.80 0.84 -0.12
0.010 0.02 0.27 -0.02 -6.64 0.27 -0.16
0.010 0.01 0.26 -0.03 -7.31 -1.06 -0.38
0.011 0.01 0.26 -0.02 -7.56 -1.64 -0.26
0.010 0.02 0.26 -0.02 -7.89 -1.63 -0.27
0.010 0.01 0.25 -0.02 -8.18 -0.76 0.28
0.010 0.01 0.25 -0.02 -8.72 0.42 0.55
0.010 0.01 0.26 -0.02 -8.58 -0.97 0.18
0.010 0.03 0.25 -0.04 -8.51 -1.65 -0.08
0.010 0.02 0.25 -0.04 -8.75 -0.50 0.15
0.010 0.00 0.26 -0.04 -9.83 1.53 -0.08
0.010 0.02 0.26 -0.05 -11.45 2.64 0.10
0.010 0.03 0.26 -0.04 -12.14 2.53 0.08
0.010 0.02 0.25 -0.04 -11.58 2.59 0.44
0.010 0.01 0.25 -0.04 -10.08 1.50 0.50
0.010 0.01 0.24 -0.04 -8.83 0.55 0.44
0.010 0.01 0.25 -0.05 -7.75 0.47 0.21
0.010 0.02 0.25 -0.05 -7.15 0.21 0.29
0.010 0.02 0.26 -0.04 -7.70 -0.57 0.16
0.010 0.02 0.24 -0.04 -9.41 0.47 0.61
0.010 0.02 0.24 -0.04 -10.30 1.22 0.72
0.010 0.01 0.24 -0.04 -10.13 0.51 0.86
0.010 0.02 0.24 -0.05 -8.96 -0.76 0.56
0.010 0.01 0.24 -0.04 -8.03 -1.72 0.72
0.010 0.01 0.23 -0.04 -7.33 -2.77 0.50
0.010 0.01 0.24 -0.01 -6.55 -3.95 0.07
0.010 0.02 0.23 -0.02 -6.08 -4.05 0.17
0.010 0.01 0.22 -0.03 -5.48 -3.03 0.45
0.010 0.00 0.23 -0.00 -5.38 -2.33 0.13
0.010 0.01 0.23 -0.01 -6.19 -1.82 -0.06
0.010 0.02 0.23 -0.01 -6.27 -1.54 -0.14
0.010 0.02 0.24 0.00 -7.28 -1.38 0.01
0.010 0.01 0.24 -0.01 -8.15 -0.75 -0.16
0.010 0.01 0.23 -0.01 -8.84 -0.02 -0.37
0.010 0.03 0.23 -0.01 -8.08 0.24 -0.39
0.010 0.02 0.23 -0.00 -6.87 -0.11 -0.74
0.010 0.03 0.23 -0.00 -5.54 -0.78 -0.91
0.011 0.03 0.23 -0.01 -4.49 -1.56 -0.72
0.010 0.02 0.22 -0.01 -4.14 -1.89 -0.68
0.010 0.01 0.21 -0.01 -4.49 -1.35 -0.69
0.010 0.00 0.21 -0.01 -5.29 -0.73 -0.55
0.010 0.01 0.21 -0.02 -6.12 -0.27 -0.78
0.010 0.02 0.21 -0.02 -7.28 0.11 -0.68
0.010 0.03 0.22 -0.02 -8.06 0.21 -0.78
0.010 0.02 0.21 -0.02 -8.62 0.22 -0.97
0.010 0.02 0.21 -0.02 -8.80 -0.05 -1.27
0.010 0.03 0.21 -0.02 -8.67 0.02 -1.23
0.010 0.03 0.20 -0.01 -7.39 -0.47 -1.52
0.010 0.02 0.21 -0.02 -6.95 -0.79 -1.35
0.010 0.03 0.20 -0.02 -6.58 -0.71 -1.23
0.010 0.02 0.21 -0.02 -6.39 -0.33 -0.58
0.010 0.03 0.21 -0.02 -7.06 -0.15 -0.68
0.010 0.03 0.21 -0.02 -7.85 -0.11 -0.48
0.010 0.01 0.21 -0.01 -8.82 0.41 -0.52
0.011 0.01 0.19 -0.01 -9.00 1.31 -0.57
0.010 0.02 0.20 -0.01 -8.72 1.05 -0.91
0.010 0.02 0.19 -0.01 -7.91 0.72 -1.26
0.010 0.03 0.19 -0.01 -7.23 0.76 -1.30
0.010 0.02 0.19 -0.02 -7.21 -0.11 -1.46
0.010 0.03 0.19 -0.02 -7.03 -0.53 -1.34
0.010 0.03 0.19 -0.02 -7.30 -1.07 -1.26
0.010 0.03 0.19 -0.02 -6.95 -0.63 -0.97
0.010 0.02 0.19 -0.01 -6.57 0.45 -0.46
0.010 0.02 0.19 -0.00 -5.48 0.24 -0.71
0.010 0.02 0.18 -0.01 -5.43 0.01 -0.76
0.010 0.01 0.18 -0.01 -6.40 -0.28 -0.95
0.010 0.01 0.19 -0.01 -7.51 -0.21 -0.94
0.010 0.01 0.18 -0.01 -8.10 -0.35 -0.87
0.010 0.02 0.18 -0.02 -8.13 -0.01 -0.91
0.010 0.02 0.19 -0.02 -7.70 0.50 -0.98
0.010 0.03 0.18 -0.02 -6.74 0.48 -0.84
0.010 0.02 0.18 -0.02 -6.70 0.01 -1.01
0.010 0.03 0.19 -0.02 -6.44 -0.68 -1.10
0.010 0.02 0.18 -0.02 -6.41 -1.76 -1.26
0.010 0.03 0.17 -0.02 -6.33 -2.12 -1.35
0.010 0.03 0.18 -0.02 -6.22 -1.92 -1.25
0.010 0.01 0.18 -0.01 -6.12 -0.73 -1.21
0.010 0.02 0.18 -0.02 -5.34 0.64 -0.94
0.010 0.02 0.17 -0.01 -5.67 0.79 -0.91
0.010 0.02 0.17 -0.01 -5.35 0.76 -0.80
0.010 0.02 0.17 -0.01 -5.93 0.55 -0.59
0.010 0.02 0.17 -0.00 -6.67 0.37 -0.62
0.010 0.03 0.17 -0.01 -7.28 0.05 -0.45
0.010 0.02 0.18 -0.02 -6.93 -0.75 -0.66
0.010 0.02 0.16 -0.01 -6.15 -1.45 -1.11
0.010 0.02 0.17 -0.01 -5.04 -1.43 -1.23
0.010 0.01 0.17 -0.00 -4.90 -0.98 -1.09
0.010 0.02 0.16 -0.01 -4.69 0.31 -0.87
0.011 0.02 0.16 -0.00 -4.23 1.45 -1.00
0.010 0.03 0.16 -0.01 -4.55 1.22 -0.81
0.010 0.02 0.16 -0.01 -5.93 1.01 -0.89
0.010 0.02 0.16 -0.01 -6.91 0.88 -0.75
0.010 0.02 0.17 -0.01 -8.03 0.24 -0.70
0.010 0.02 0.16 -0.01 -8.51 -0.28 -0.85
0.010 0.02 0.16 0.00 -8.87 0.31 -0.58
0.010 0.01 0.15 -0.00 -8.73 1.18 -0.49
0.010 0.02 0.16 -0.00 -8.38 1.21 -0.72
0.010 0.01 0.15 -0.00 -7.70 -0.34 -1.03
0.010 0.03 0.15 -0.01 -6.33 -0.61 -1.08
0.010 0.02 0.15 -0.01 -6.01 -0.60 -1.11
0.010 0.01 0.15 -0.01 -6.64 0.11 -1.34
0.010 0.02 0.15 -0.01 -6.93 1.48 -1.11
0.010 0.02 0.15 -0.00 -7.01 1.21 -0.98
0.010 0.02 0.16 0.00 -6.89 0.48 -1.05
0.010 0.02 0.14 -0.01 -6.60 0.35 -1.31
0.011 0.02 0.14 -0.01 -6.86 0.68 -1.29
0.010 0.02 0.14 -0.02 -7.67 1.15 -1.01
0.010 0.01 0.15 -0.02 -8.19 1.70 -1.05
0.010 0.02 0.14 0.00 -7.52 1.92 -0.78
0.010 0.02 0.14 -0.01 -6.17 1.00 -0.87
0.010 0.02 0.14 -0.00 -5.39 -0.85 -1.28
0.010 0.02 0.13 -0.02 -4.72 -2.34 -1.57
0.010 0.02 0.13 -0.03 -3.83 -2.02 -1.13
0.010 0.01 0.14 -0.01 -3.48 -1.95 -1.08
0.010 0.02 0.14 -0.02 -4.18 -1.36 -0.90
0.010 0.02 0.14 -0.03 -4.47 -0.50 -0.58
0.010 0.03 0.13 -0.02 -4.87 -0.67 -0.58
0.010 0.02 0.13 -0.02 -4.96 -1.85 -1.10
0.010 0.04 0.13 -0.01 -4.66 -2.24 -0.60
0.010 0.03 0.13 -0.01 -4.15 -1.93 -0.47
0.010 0.02 0.13 0.00 -4.40 -2.31 -0.16
0.010 0.01 0.13 -0.01 -5.02 -1.71 -0.42
0.010 0.02 0.13 -0.01 -5.65 -0.76 -0.32
0.010 0.01 0.13 -0.00 -6.09 -0.44 -0.42
0.010 0.02 0.13 -0.00 -6.53 -0.91 -0.55
0.010 0.01 0.13 -0.00 -6.58 -0.60 -0.55
0.010 0.01 0.12 0.01 -5.67 0.61 -0.53
0.010 0.01 0.13 0.02 -5.17 0.79 -0.74
0.010 0.02 0.12 0.00 -4.67 0.56 -1.01
0.010 0.03 0.13 -0.01 -4.46 0.83 -0.91
0.010 0.03 0.12 -0.01 -5.51 0.76 -0.82
0.010 0.03 0.12 -0.01 -6.19 0.62 -0.59
0.010 0.03 0.13 -0.00 -6.58 1.32 -0.42
0.010 0.02 0.11 0.00 -6.43 1.32 -0.17
0.010 0.03 0.09 0.01 -6.41 1.78 0.50
0.010 0.01 0.13 -0.01 -6.28 1.28 -0.17
0.010 0.02 0.11 0.00 -5.83 0.66 -0.04
0.010 0.02 0.11 -0.00 -5.93 0.45 -0.07
0.010 0.03 0.11 -0.01 -5.32 0.14 -0.39
0.011 0.02 0.11 0.00 -5.09 -0.69 -0.18
0.010 0.03 0.11 -0.01 -5.58 -1.00 0.12
0.010 0.02 0.11 -0.00 -7.16 -0.76 -0.09
0.010 0.02 0.11 -0.02 -8.16 -1.40 -0.57
0.010 0.02 0.11 -0.01 -8.61 -1.60 -0.63
0.010 0.03 0.11 -0.01 -9.28 -0.40 -0.38
0.010 0.02 0.11 -0.00 -9.35 1.43 -0.00
0.010 0.02 0.10 0.01 -9.19 1.96 0.44
0.010 0.01 0.10 0.01 -8.67 1.74 0.38
0.010 0.02 0.09 0.02 -8.41 1.22 0.08
0.010 0.02 0.10 -0.00 -7.35 0.66 -0.16
0.010 0.02 0.10 0.01 -5.65 -0.79 -0.24
0.010 0.02 0.10 -0.01 -4.46 -0.84 -0.29
0.010 0.02 0.10 -0.01 -4.62 -0.30 0.01
0.010 0.01 0.10 -0.01 -4.89 0.66 0.35
0.010 0.02 0.09 -0.00 -6.38 2.08 0.28
0.010 0.01 0.09 -0.01 -7.52 2.89 0.26
0.011 0.02 0.08 -0.01 -7.77 2.75 0.41
0.010 0.02 0.09 -0.01 -7.64 1.93 0.45
0.010 0.02 0.08 -0.01 -8.46 1.82 0.42
0.010 0.01 0.09 -0.01 -10.29 2.42 0.35
0.010 0.02 0.08 -0.02 -11.25 2.56 -0.33
0.010 0.02 0.08 -0.00 -11.09 1.47 -0.29
0.010 0.03 0.08 -0.01 -10.82 1.15 -0.55
0.010 0.03 0.09 -0.01 -10.46 0.86 -0.32
0.010 0.02 0.08 -0.01 -10.09 0.89 -0.29
0.010 0.02 0.09 -0.00 -9.87 1.38 -0.32
0.010 0.02 0.07 -0.02 -10.06 1.18 -0.23
0.010 0.02 0.07 -0.02 -10.14 1.57 -0.30
0.010 0.02 0.06 -0.01 -10.58 1.02 -0.21
0.010 0.02 0.07 -0.01 -10.25 -0.31 -0.51
0.010 0.03 0.07 -0.01 -9.64 -1.11 -0.60
0.010 0.01 0.07 0.00 -9.87 -0.76 -0.63
0.010 0.01 0.07 0.00 -10.52 0.21 -0.62
0.010 0.02 0.06 -0.00 -10.92 1.18 -0.76
0.010 0.02 0.07 -0.00 -11.17 0.98 -0.62
0.010 0.01 0.06 -0.01 -11.52 0.33 -0.91
0.010 0.03 0.06 0.00 -10.58 -0.20 -0.97
0.010 0.02 0.06 0.01 -9.83 -0.31 -0.96
0.010 0.02 0.07 -0.00 -9.30 0.08 -2.51
0.010 0.03 0.05 0.01 -8.74 1.21 -2.96
0.010 0.01 0.06 -0.01 -8.43 0.94 -1.70
0.010 -0.01 0.05 0.02 -8.48 -0.98 -0.71
0.010 0.02 0.05 0.01 -8.00 -1.44 -0.65
0.010 0.01 0.04 0.01 -6.84 -0.58 -0.26
0.010 0.01 0.04 0.04 -5.96 0.20 -0.38
0.010 0.02 0.04 0.02 -5.16 0.71 -0.43
0.010 0.01 0.04 0.03 -4.36 0.96 -0.16
0.010 0.01 0.05 0.03 -4.01 0.23 -0.78
0.010 0.02 0.05 0.00 -3.30 0.08 -0.94
0.010 0.01 0.04 0.01 -2.72 0.43 -0.77
0.011 0.01 0.04 0.01 -2.87 1.15 -0.93
0.010 0.01 0.03 0.01 -3.29 1.73 -0.72
0.010 0.01 0.04 0.00 -4.44 2.44 -0.91
0.010 0.01 0.04 0.01 -5.17 2.20 -0.90
0.010 0.02 0.04 -0.00 -5.08 2.77 -0.49
0.010 0.02 0.04 0.01 -4.73 2.56 -0.32
0.010 0.01 0.03 0.02 -3.80 1.32 -0.99
0.010 0.01 0.04 0.01 -2.62 -0.10 -0.94
0.010 0.02 0.03 0.01 -2.80 -0.24 -1.05
0.010 0.02 0.03 0.01 -2.84 0.51 -0.81
0.010 0.01 0.03 0.02 -3.56 0.59 -1.03
0.010 0.01 0.04 0.00 -4.09 0.94 -1.16
0.010 0.02 0.04 -0.01 -3.97 2.14 -0.88
0.010 0.01 0.04 -0.01 -3.92 2.44 -0.91
0.010 0.00 0.04 0.01 -4.57 1.70 -1.13
0.010 -0.00 0.05 0.01 -5.42 0.56 0.52
0.010 0.03 0.04 -0.01 -5.80 1.04 -1.10
0.011 0.02 0.03 -0.01 -6.58 2.19 -1.03
0.010 0.01 0.03 0.00 -7.64 2.20 -1.26
0.010 0.01 0.03 0.01 -8.00 1.48 -1.48
0.010 0.02 0.03 0.00 -5.98 1.17 -1.64
0.010 0.02 0.03 0.01 -4.34 1.07 -1.20
0.010 0.01 0.03 -0.01 -3.47 0.59 -1.77
0.010 0.02 0.03 -0.00 -3.08 0.05 -1.75
0.010 0.02 0.03 -0.01 -3.50 0.03 -1.43
0.010 0.01 0.03 -0.01 -4.47 -0.48 -1.26
0.010 0.01 0.02 -0.01 -4.68 -1.02 -1.05
0.010 0.01 0.02 -0.01 -5.02 -0.98 -0.62
0.010 0.02 0.02 -0.01 -5.19 -0.82 -1.16
0.010 0.03 0.01 -0.01 -5.00 -0.24 -1.29
0.010 0.02 0.01 -0.02 -4.67 -0.33 -1.39
0.010 0.02 0.00 -0.01 -3.83 -0.85 -1.13
0.010 0.02 0.02 0.00 -3.15 -0.85 -1.10
0.010 0.01 0.02 -0.01 -3.89 -1.44 -1.40
0.010 0.02 0.02 -0.00 -4.34 -1.85 -1.12
0.010 0.02 0.02 -0.00 -4.17 -1.53 -0.76
0.010 0.00 0.02 0.02 -4.02 -0.89 -0.36
0.010 0.01 0.01 0.01 -3.57 -0.90 -0.15
0.010 0.02 0.01 -0.00 -3.20 -0.85 -0.49
0.010 0.02 0.01 -0.00 -3.55 -0.85 -0.42
0.010 0.02 0.01 0.01 -3.72 -0.82 -0.71
0.010 0.02 0.02 0.00 -4.72 -0.85 -0.72
0.010 0.02 0.01 0.01 -5.77 -0.57 -0.54
0.010 0.01 0.01 0.01 -6.56 0.07 -0.47
0.010 0.02 0.00 0.02 -6.09 0.84 -0.18
0.010 0.01 -0.00 0.01 -6.72 1.03 -0.29
0.010 0.01 -0.00 0.02 -7.23 0.27 -0.61
0.010 0.01 -0.01 0.02 -7.29 -0.40 -0.80
0.010 0.02 0.01 0.01 -7.83 -1.04 -1.10
0.010 0.02 0.00 0.01 -8.64 -1.56 -1.06
0.010 0.01 0.01 0.01 -9.35 -1.02 -1.18
0.011 0.01 -0.00 0.00 -9.83 -0.30 -1.16
0.010 0.00 -0.01 0.01 -9.25 0.78 -0.96
0.010 0.01 0.01 0.00 -8.02 1.09 -1.17
0.010 0.02 0.00 -0.01 -6.88 1.90 -0.60
0.010 0.03 0.00 -0.01 -6.23 2.03 -0.32
0.010 0.03 0.00 -0.02 -6.33 0.69 -0.44
0.010 0.02 -0.00 -0.02 -6.61 -1.67 -0.75
0.010 0.01 -0.00 0.00 -7.74 -2.76 -1.10
0.010 0.02 -0.01 -0.01 -7.99 -1.89 -1.25
0.010 0.02 -0.01 -0.01 -7.09 -0.65 -1.26
0.010 0.03 -0.01 -0.01 -6.42 0.67 -1.42
0.010 0.02 -0.01 -0.02 -6.54 1.10 -1.27
0.010 0.02 -0.01 -0.01 -6.13 0.37 -1.10
0.010 0.02 0.00 -0.02 -6.86 -0.08 -0.87
0.010 0.01 -0.01 -0.01 -7.66 -0.94 -0.60
0.010 0.02 -0.02 -0.00 -7.67 -1.81 -0.15
0.010 0.01 -0.02 0.01 -7.22 -1.44 -0.36
0.011 0.01 -0.01 -0.01 -6.93 -0.67 0.28
0.010 0.01 -0.02 -0.00 -6.53 -0.90 -0.13
0.010 0.02 -0.02 0.01 -6.25 -1.27 -0.26
0.010 0.03 -0.04 -0.00 -5.99 -0.08 0.14
0.010 0.01 -0.02 0.00 -7.11 -0.09 -0.35
0.010 0.01 -0.03 0.01 -7.46 -0.14 -0.32
0.010 0.01 -0.03 0.01 -6.47 -0.18 -0.48
0.010 0.01 -0.02 0.01 -5.75 0.53 -0.62
0.010 0.01 -0.03 0.01 -5.13 0.42 -1.02
0.010 0.01 -0.03 0.00 -5.30 0.81 -1.16
0.010 0.01 -0.03 0.01 -5.71 1.13 -1.10
0.010 0.01 -0.02 0.01 -5.83 0.87 -0.55
0.010 0.01 -0.03 -0.01 -5.87 0.17 -0.49
0.010 0.02 -0.04 0.01 -6.04 -0.79 -0.38
0.010 0.02 -0.04 0.00 -5.19 -1.76 -0.21
0.010 0.02 -0.03 -0.00 -5.05 -1.26 -0.16
0.010 0.01 -0.04 0.00 -5.24 -0.49 -0.29
0.010 0.00 -0.04 -0.00 -6.10 0.83 -0.37
0.010 0.01 -0.05 -0.00 -6.95 2.92 -0.37
0.010 0.03 -0.04 -0.00 -7.19 4.07 0.24
0.010 0.01 -0.04 -0.00 -8.08 3.86 0.71
0.010 0.01 -0.04 -0.01 -7.96 2.30 0.67
0.010 0.01 -0.04 0.01 -7.32 0.97 0.69
0.010 0.02 -0.04 -0.01 -7.16 -0.03 0.73
0.010 0.02 -0.04 -0.01 -6.26 -0.53 0.34
0.010 0.02 -0.04 -0.00 -6.11 -0.59 0.21
0.010 0.02 -0.05 -0.00 -4.90 -0.22 0.24
0.010 0.01 -0.06 0.00 -4.04 0.78 0.24
0.010 0.01 -0.06 0.01 -3.96 0.40 -0.16
0.010 0.02 -0.04 0.00 -4.53 1.67 -0.11
0.010 0.02 -0.05 -0.00 -5.06 2.69 0.38
0.010 0.02 -0.05 -0.01 -5.52 2.65 0.38
0.010 0.02 -0.05 -0.01 -5.85 1.69 0.80
0.010 0.02 -0.05 0.00 -5.65 0.37 0.57
0.011 0.01 -0.05 -0.01 -5.82 -0.28 0.33
0.010 0.02 -0.05 -0.01 -6.11 -0.41 0.19
0.010 0.01 -0.06 -0.01 -5.87 0.03 0.09
0.010 0.01 -0.06 0.01 -5.52 0.82 0.03
0.010 0.02 -0.06 -0.00 -4.90 1.39 -0.16
0.010 0.02 -0.07 -0.02 -4.59 1.55 -0.20
0.010 0.02 -0.06 -0.00 -4.93 0.67 -0.61
0.010 0.02 -0.05 -0.00 -4.08 0.15 -0.73
0.010 0.00 -0.05 -0.00 -2.97 0.06 -0.94
0.010 0.01 -0.05 0.01 -3.12 0.73 -1.23
0.010 0.01 -0.05 -0.01 -3.22 1.60 -0.86
0.010 0.03 -0.05 -0.00 -3.41 1.65 -0.40
0.010 0.01 -0.06 -0.00 -3.75 1.13 0.10
0.010 0.01 -0.05 0.00 -4.08 -0.11 0.09
0.010 0.01 -0.06 -0.00 -3.59 -0.82 0.29
0.010 -0.01 -0.06 -0.01 -3.58 -1.55 -0.21
0.010 0.04 -0.09 0.01 -3.59 -2.09 0.99
0.011 -0.01 -0.06 -0.02 -4.41 -1.91 -0.89
0.010 0.01 -0.07 0.00 -5.58 -0.98 -0.78
0.010 0.01 -0.08 -0.02 -6.41 0.63 -0.81
0.010 0.02 -0.06 -0.01 -6.90 0.79 -1.11
0.010 0.02 -0.07 0.00 -6.68 1.14 -1.09
0.010 0.02 -0.07 0.01 -5.40 1.14 -0.96
0.010 0.02 -0.08 0.01 -4.12 1.62 -0.51
0.010 0.01 -0.09 0.01 -3.44 1.15 -0.43
0.010 0.01 -0.08 -0.01 -4.09 0.43 -0.06
0.010 0.02 -0.08 -0.01 -5.64 -0.74 -0.38
0.010 0.03 -0.08 -0.00 -7.06 -1.85 -0.50
0.010 0.02 -0.07 -0.01 -7.38 -2.24 -0.18
0.010 0.01 -0.09 -0.01 -7.65 -3.11 -0.83
0.010 0.03 -0.08 -0.02 -7.25 -2.37 -0.52
0.010 0.02 -0.08 -0.02 -7.23 -1.11 -0.39
0.010 0.02 -0.09 -0.00 -6.81 0.02 -0.20
0.010 0.01 -0.09 0.00 -6.81 0.76 -0.11
0.010 0.02 -0.08 0.01 -6.37 1.37 0.18
0.010 0.02 -0.09 0.00 -5.52 0.34 0.39
0.010 0.01 -0.08 0.00 -4.89 -0.54 0.29
0.010 0.02 -0.09 -0.00 -4.58 -0.66 0.88
0.010 -0.00 -0.09 -0.02 -3.35 -1.66 0.93
0.010 0.02 -0.08 0.01 -3.26 -2.31 0.88
0.010 0.01 -0.09 -0.02 -3.66 -1.63 -0.25
0.010 0.02 -0.07 -0.03 -5.31 -0.35 -0.24
0.010 0.01 -0.08 -0.02 -6.17 -0.06 -0.52
0.010 0.01 -0.08 -0.01 -6.22 -0.30 -0.58
0.010 0.01 -0.09 0.00 -5.60 -0.15 -0.02
0.010 -0.01 -0.09 0.02 -4.03 -0.01 0.48
0.010 0.01 -0.10 0.00 -4.09 0.02 -0.07
0.010 0.00 -0.09 0.01 -4.58 -0.64 -0.28
0.010 0.02 -0.10 -0.01 -5.85 -0.81 -0.88
0.010 0.02 -0.09 0.01 -7.47 -0.10 -0.54
0.010 0.01 -0.09 0.01 -8.41 0.54 -0.23
0.011 0.01 -0.10 0.01 -8.22 1.01 -0.42
0.010 -0.00 -0.09 0.02 -7.29 0.47 0.11
0.010 0.01 -0.10 -0.02 -7.67 0.60 -0.81
0.010 0.01 -0.10 0.00 -7.79 -0.36 -1.08
0.010 0.03 -0.10 -0.00 -7.08 -0.60 -1.50
0.010 0.02 -0.10 -0.02 -7.29 -0.33 -1.16
0.010 0.01 -0.10 -0.01 -7.63 -0.00 -1.65
0.010 0.02 -0.11 -0.02 -7.10 1.21 -1.39
0.010 0.02 -0.11 -0.01 -5.82 1.57 -1.42
0.010 0.01 -0.11 0.00 -5.67 0.56 -1.10
0.010 0.02 -0.11 -0.01 -5.50 -0.14 -0.86
0.010 0.01 -0.11 -0.01 -5.87 0.76 -0.00
0.010 0.00 -0.10 -0.01 -6.46 1.54 0.15
0.010 0.01 -0.11 -0.01 -6.68 1.04 0.22
0.010 0.02 -0.11 -0.00 -6.63 0.25 0.26
0.010 0.02 -0.12 -0.01 -5.96 -0.06 -0.07
0.010 0.02 -0.11 -0.01 -5.35 1.11 -0.51
0.011 0.03 -0.11 -0.01 -4.98 2.02 -0.30
0.010 0.02 -0.12 0.00 -5.36 2.12 -0.80
0.010 0.02 -0.12 -0.01 -4.51 1.37 -0.98
0.010 0.02 -0.12 0.00 -3.27 1.01 -0.66
0.010 0.01 -0.12 -0.01 -3.46 1.31 -0.29
0.010 -0.00 -0.13 -0.01 -3.72 0.48 0.04
0.010 0.02 -0.13 -0.00 -4.33 -0.13 -0.19
0.010 0.02 -0.13 0.01 -5.08 -0.21 -0.23
0.010 0.02 -0.13 -0.01 -5.06 0.31 -0.28
0.010 0.01 -0.13 0.01 -5.19 0.69 0.19
0.010 0.00 -0.13 0.01 -4.98 0.46 -0.17
0.010 0.01 -0.14 0.00 -4.49 0.84 -0.84
0.010 0.02 -0.13 0.01 -3.61 1.08 -0.55
0.010 0.02 -0.13 -0.02 -3.16 1.18 -0.32
0.010 0.01 -0.11 -0.01 -3.47 1.34 -0.49
0.010 -0.00 -0.11 -0.01 -3.91 1.44 0.02
0.010 0.00 -0.13 -0.01 -4.07 1.81 0.12
0.010 0.00 -0.13 -0.00 -4.19 1.92 0.13
0.010 0.01 -0.13 -0.00 -4.44 1.88 0.03
0.010 0.01 -0.14 -0.01 -4.58 1.18 0.22
0.010 0.01 -0.13 -0.02 -5.01 1.40 0.22
0.010 0.01 -0.13 -0.02 -6.35 0.23 -0.26
0.010 0.02 -0.13 -0.03 -6.74 -0.37 -0.40
0.010 0.02 -0.13 -0.02 -6.32 -0.11 -0.42
0.010 0.01 -0.13 -0.01 -5.30 1.73 -0.29
0.010 0.00 -0.12 -0.01 -5.12 1.27 -0.20
0.010 0.01 -0.12 -0.02 -4.77 0.66 -0.25
0.010 0.02 -0.12 -0.02 -4.47 0.32 -0.10
0.010 0.01 -0.13 -0.03 -5.29 0.29 -0.07
0.010 0.01 -0.14 -0.02 -6.29 0.62 0.02
0.010 0.01 -0.14 -0.02 -5.65 0.02 -0.32
0.010 0.01 -0.14 -0.03 -5.54 -0.55 -0.63
0.010 0.01 -0.14 -0.01 -5.69 -0.95 -0.89
0.010 0.01 -0.15 -0.00 -6.62 -1.21 -0.13
0.011 0.00 -0.13 -0.01 -6.29 -0.62 -0.73
0.010 0.00 -0.14 -0.02 -6.25 -0.56 -0.66
0.010 0.01 -0.14 -0.01 -6.04 -0.57 -0.73
0.010 0.01 -0.15 -0.02 -6.62 -0.08 -0.73
0.010 0.01 -0.14 -0.02 -7.04 0.25 -0.84
0.010 0.00 -0.15 -0.02 -6.59 -0.40 -0.57
0.010 0.02 -0.14 0.01 -6.36 -0.79 -0.85
0.010 0.02 -0.16 -0.03 -5.51 -1.17 -0.78
0.010 0.00 -0.15 -0.01 -4.85 -0.50 -0.71
0.010 0.00 -0.16 -0.01 -4.72 -0.37 -0.71
0.010 0.00 -0.16 -0.01 -5.04 1.41 -0.81
0.010 0.01 -0.15 -0.01 -5.54 1.34 -0.65
0.010 0.01 -0.16 -0.01 -6.09 0.44 -0.80
0.010 0.01 -0.16 0.00 -5.65 -0.03 -0.29
0.010 0.01 -0.16 -0.00 -5.05 -0.44 -0.32
0.010 0.02 -0.16 -0.01 -4.54 -0.87 -0.26
0.010 0.00 -0.15 0.00 -4.54 -0.15 -0.56
0.011 0.01 -0.15 -0.01 -5.47 0.68 -0.49
0.010 0.02 -0.16 -0.01 -5.10 1.50 -0.23
0.010 0.02 -0.16 -0.02 -4.19 1.01 -0.05
0.010 0.03 -0.16 0.00 -3.44 0.55 0.15
0.010 0.01 -0.16 0.00 -2.93 0.71 0.28
0.010 0.00 -0.16 0.01 -2.92 1.88 0.32
0.010 0.00 -0.17 0.00 -2.76 2.71 0.42
0.010 0.01 -0.17 -0.00 -2.68 1.63 0.42
0.010 0.02 -0.16 -0.01 -3.26 0.74 0.27
0.010 0.01 -0.17 -0.01 -3.61 0.46 0.38
0.010 0.01 -0.16 -0.02 -4.16 0.76 0.38
0.010 0.01 -0.16 -0.02 -4.96 1.42 0.32
0.010 0.01 -0.17 -0.01 -5.72 1.79 -0.11
0.010 0.02 -0.16 -0.02 -5.30 1.67 -0.09
0.010 0.00 -0.17 -0.01 -4.84 1.43 -0.36
0.010 0.01 -0.17 -0.02 -4.90 1.23 -0.60
0.010 0.01 -0.17 -0.01 -5.38 0.93 -0.34
0.010 0.00 -0.17 -0.03 -5.54 0.63 -0.36
0.010 0.00 -0.18 -0.03 -5.74 1.00 -0.36
0.010 0.00 -0.17 -0.03 -5.74 1.42 -0.48
0.010 0.01 -0.18 -0.02 -5.03 0.79 -0.20
0.010 0.03 -0.17 -0.03 -4.34 0.34 -0.37
0.010 0.02 -0.18 -0.02 -3.93 -0.06 -0.23
0.010 0.02 -0.18 -0.02 -4.41 -0.05 -0.68
0.010 0.00 -0.17 -0.03 -5.12 -0.50 -1.13
0.010 0.01 -0.17 -0.02 -6.27 -0.27 -1.03
0.010 0.01 -0.18 -0.02 -5.70 0.06 -0.21
0.010 0.01 -0.17 -0.02 -5.73 -0.94 -0.69
0.010 0.02 -0.18 -0.02 -5.85 -1.89 -0.84
0.010 0.01 -0.18 -0.03 -6.29 -3.02 -1.14
0.010 0.03 -0.19 -0.02 -5.03 -0.82 -1.24
0.010 0.01 -0.18 -0.01 -4.50 -0.95 -0.81
0.010 0.00 -0.19 -0.00 -3.72 -0.34 -1.26
0.010 -0.00 -0.19 -0.01 -3.12 -0.17 -0.90
0.011 0.01 -0.18 -0.00 -3.50 0.05 -0.87
0.010 0.01 -0.19 -0.00 -3.80 0.48 -0.64
0.010 0.00 -0.18 -0.01 -4.70 0.35 -0.53
0.010 -0.00 -0.19 -0.01 -4.96 -0.15 -0.17
0.010 0.01 -0.18 -0.01 -5.01 -0.31 -0.09
0.010 0.02 -0.18 -0.02 -5.44 0.03 -0.09
0.010 0.02 -0.18 -0.02 -5.07 -0.11 -0.44
0.010 0.01 -0.19 -0.01 -4.41 -0.12 -0.36
0.010 0.00 -0.19 -0.01 -3.90 0.40 -0.36
0.010 0.00 -0.19 -0.00 -3.23 0.88 -0.29
0.010 0.01 -0.20 -0.01 -3.22 2.12 0.02
0.010 0.00 -0.19 -0.02 -3.39 2.26 0.25
0.010 0.01 -0.19 -0.02 -4.35 1.61 -0.00
0.010 0.01 -0.19 -0.03 -4.58 0.37 -0.09
0.010 0.02 -0.19 -0.03 -4.76 -0.38 -0.23
0.010 0.02 -0.19 -0.03 -4.48 -0.79 -0.41
0.010 0.01 -0.19 -0.02 -3.64 -1.12 -0.20
0.011 0.01 -0.19 -0.02 -3.44 -0.47 -0.16
0.010 -0.00 -0.20 -0.03 -3.99 -0.37 -0.39
0.010 0.00 -0.20 -0.02 -3.86 0.53 -0.29
0.010 0.01 -0.20 -0.04 -4.35 0.65 -0.22
0.010 0.01 -0.20 -0.02 -4.98 0.03 -0.24
0.010 0.02 -0.20 -0.04 -5.17 -0.40 -0.53
0.010 0.01 -0.20 -0.03 -4.80 0.16 -0.29
0.010 0.01 -0.20 -0.02 -4.22 0.27 -0.71
0.010 0.01 -0.20 -0.03 -3.67 0.69 -0.94
0.010 0.02 -0.20 -0.02 -2.87 0.64 -0.89
0.010 0.01 -0.20 -0.03 -3.35 -0.08 -1.56
0.010 0.01 -0.19 -0.02 -4.06 -1.54 -1.09
0.010 0.00 -0.20 -0.03 -4.82 -1.29 -0.89
0.010 0.01 -0.21 -0.03 -5.20 -0.85 -0.81
0.010 0.01 -0.20 -0.02 -5.29 -0.82 -0.62
0.010 0.01 -0.21 -0.02 -5.29 -0.07 -1.14
0.010 -0.00 -0.21 -0.02 -4.67 1.37 -1.51
0.010 0.00 -0.20 -0.03 -5.03 1.76 -1.72
0.010 -0.00 -0.21 -0.03 -5.74 0.72 -0.91
0.010 0.01 -0.21 -0.03 -5.89 -1.05 -1.04
0.010 0.01 -0.21 -0.02 -5.71 -1.98 -1.19
0.010 0.01 -0.21 -0.02 -4.99 -2.44 -1.33
0.010 0.01 -0.22 -0.02 -4.58 -1.90 -1.62
0.010 0.01 -0.21 -0.03 -4.35 -1.69 -1.52
0.010 0.01 -0.22 -0.02 -4.45 -0.47 -1.74
0.010 0.01 -0.22 -0.02 -3.88 1.31 -1.52
0.010 0.02 -0.23 -0.01 -3.09 2.16 -1.43
0.010 0.02 -0.22 -0.02 -3.30 2.39 -1.40
0.010 0.02 -0.22 -0.03 -3.92 1.05 -1.22
0.010 0.01 -0.22 -0.04 -4.48 0.51 -1.00
0.010 0.01 -0.21 -0.03 -4.88 -1.21 -0.77
0.010 0.01 -0.22 -0.04 -4.91 -1.89 -0.94
0.010 0.01 -0.22 -0.03 -5.46 -1.66 -1.49
0.010 0.00 -0.22 -0.02 -5.67 -1.15 -1.67
0.011 0.01 -0.22 -0.03 -5.37 0.36 -0.83
0.010 0.01 -0.22 -0.02 -5.14 2.04 -0.40
0.010 0.01 -0.22 -0.03 -4.83 2.50 -0.23
0.010 0.02 -0.22 -0.03 -4.32 1.59 -0.45
0.010 0.01 -0.22 -0.02 -4.10 -0.45 -0.52
0.010 0.02 -0.23 -0.04 -3.90 -1.44 -0.67
0.010 0.01 -0.23 -0.03 -3.95 -1.60 -0.74
0.010 0.01 -0.23 -0.03 -4.16 -0.98 -0.78
0.010 0.01 -0.22 -0.03 -4.12 -0.59 -0.67
0.010 0.01 -0.22 -0.03 -4.39 0.07 -0.42
0.010 0.01 -0.23 -0.03 -4.82 0.57 -0.07
0.010 0.01 -0.23 -0.02 -5.33 1.53 -0.16
0.010 0.01 -0.23 -0.03 -5.52 1.06 -0.56
0.010 0.01 -0.23 -0.05 -5.74 0.20 -0.96
0.010 0.01 -0.23 -0.03 -5.45 -0.31 -1.21
0.010 0.01 -0.23 -0.04 -5.03 0.05 -1.22
0.010 0.01 -0.24 -0.04 -4.90 -0.02 -0.90
0.011 0.01 -0.23 -0.04 -5.34 -0.55 -0.93
0.010 0.01 -0.23 -0.03 -6.15 -0.98 -0.84
0.010 0.01 -0.23 -0.04 -5.56 -1.27 -0.86
0.010 0.01 -0.24 -0.03 -4.96 -0.58 -0.36
0.010 0.01 -0.24 -0.03 -4.99 0.30 -0.07
0.010 0.01 -0.24 -0.03 -5.61 0.80 -0.64
0.010 0.02 -0.23 -0.02 -6.32 1.39 -0.78
0.010 0.02 -0.24 -0.04 -7.41 1.08 -1.07
0.010 0.02 -0.24 -0.05 -7.88 1.04 -0.78
0.010 0.02 -0.24 -0.04 -7.80 0.41 -0.89
0.010 0.02 -0.24 -0.03 -6.83 0.51 -1.22
0.010 0.03 -0.25 0.01 -6.38 -0.81 2.06
0.010 -0.02 -0.25 -0.02 -4.90 0.15 -0.58
0.010 0.01 -0.24 -0.04 -5.58 -0.16 -0.47
0.010 -0.01 -0.25 -0.04 -6.15 1.70 -0.32
0.010 0.01 -0.24 -0.05 -6.47 2.18 -0.88
0.010 0.03 -0.25 -0.06 -5.69 2.59 -0.26
0.010 0.01 -0.26 -0.05 -4.64 -0.74 -0.86
0.010 0.02 -0.25 -0.05 -3.77 -1.60 -0.78
0.010 0.01 -0.24 -0.04 -4.45 -1.89 -0.97
0.010 0.01 -0.26 -0.05 -3.89 -1.55 -1.31
0.010 0.01 -0.25 -0.03 -4.01 -0.34 -0.93
0.010 0.01 -0.26 -0.04 -4.22 -0.21 -1.21
0.010 0.01 -0.26 -0.04 -4.26 0.79 -0.94
0.010 0.02 -0.26 -0.03 -4.21 0.76 -1.04
0.010 0.01 -0.26 -0.03 -4.79 -0.23 -0.87
0.010 0.01 -0.26 -0.04 -4.86 -0.56 -0.99
0.010 0.00 -0.26 -0.04 -4.63 -1.01 -0.60
0.010 0.01 -0.25 -0.04 -4.70 0.18 -0.65
0.010 0.02 -0.25 -0.04 -4.75 0.61 -0.33
0.010 0.02 -0.26 -0.04 -4.60 0.44 -0.56
0.010 0.02 -0.26 -0.03 -5.18 0.41 -0.68
0.010 0.02 -0.27 -0.02 -4.29 0.05 -0.55
0.010 0.02 -0.26 -0.03 -2.91 0.14 -0.65
0.011 -0.00 -0.26 -0.03 -1.95 -0.10 -0.81
0.010 0.02 -0.26 -0.05 -0.84 -0.12 -0.46
0.010 0.01 -0.26 -0.05 -1.29 -0.18 -0.24
0.010 0.01 -0.26 -0.04 -3.22 -0.82 -0.16
0.010 0.01 -0.27 -0.04 -5.11 -0.49 -0.12
0.010 0.01 -0.26 -0.05 -6.72 0.26 -0.06
0.010 0.02 -0.28 -0.04 -6.89 1.39 0.10
0.010 0.02 -0.27 -0.04 -6.34 1.70 0.14
