0.010 -0.01 0.05 -0.01 -7.01 -0.33 1.21
0.010 -0.01 0.04 -0.00 -7.22 -0.28 1.37
0.010 -0.01 0.05 -0.01 -7.01 -0.33 1.21
0.010 -0.01 0.04 -0.00 -7.22 -0.28 1.37
0.010 0.00 -0.00 -0.01 -0.08 -0.06 0.20
0.010 -0.00 -0.01 -0.01 -0.15 0.19 -0.02
0.010 -0.00 -0.00 0.01 0.04 0.03 -0.02
0.010 0.00 0.00 0.01 0.08 -0.00 0.04
0.010 0.00 0.00 -0.00 0.03 -0.00 -0.00
0.010 0.00 -0.00 0.00 -0.02 0.20 -0.02
0.010 0.00 -0.00 0.01 0.05 -0.16 0.02
0.010 -0.00 0.00 -0.01 -0.03 0.08 0.11
0.010 -0.00 -0.00 0.00 -0.06 0.00 0.10
0.010 -0.00 0.00 -0.00 -0.03 -0.10 0.18
0.010 -0.00 0.00 0.00 -0.00 0.00 -0.18
0.010 -0.00 -0.00 0.01 -0.08 -0.26 0.13
0.010 0.00 -0.00 -0.00 0.05 0.02 0.20
0.010 -0.00 -0.00 -0.00 -0.11 0.07 0.15
0.010 -0.01 -0.01 0.01 0.01 -0.11 0.25
0.010 -0.00 0.00 -0.00 0.14 -0.05 0.21
0.010 0.00 -0.00 0.00 -0.05 0.11 0.34
0.010 -0.00 0.00 0.00 0.16 -0.04 0.40
0.010 0.00 -0.00 -0.01 -0.14 -0.13 0.13
0.010 -0.00 0.00 -0.00 0.02 -0.03 0.13
0.010 -0.00 0.00 -0.01 0.01 0.12 0.06
0.010 0.00 -0.00 0.00 0.05 0.05 0.05
0.010 0.00 0.00 0.00 0.05 0.21 0.08
0.010 -0.00 0.00 -0.00 -0.08 0.07 0.08
0.010 -0.00 0.00 -0.00 -0.05 0.03 0.08
0.010 0.00 -0.00 -0.00 -0.05 0.04 -0.07
0.010 0.00 0.00 0.00 -0.01 0.07 0.22
0.010 -0.01 -0.00 0.00 -0.02 0.07 0.01
0.010 -0.00 -0.00 0.00 -0.02 -0.03 -0.04
0.010 -0.01 0.00 0.01 0.16 0.12 0.17
0.010 0.00 -0.00 0.00 0.09 0.02 0.11
0.010 -0.00 -0.00 -0.01 -0.08 0.01 0.05
0.010 0.00 0.00 0.00 -0.13 -0.15 -0.11
0.011 -0.00 0.00 0.00 -0.11 -0.06 -0.17
0.010 0.00 0.00 -0.00 -0.09 0.12 -0.05
0.010 -0.00 0.00 -0.01 -0.09 0.07 0.02
0.010 0.00 0.00 0.00 -0.04 -0.02 0.04
0.010 0.00 -0.00 -0.00 0.13 0.21 -0.00
0.010 0.00 0.00 -0.01 -0.00 0.07 0.06
0.010 -0.00 0.00 -0.00 0.23 0.07 -0.02
0.010 0.00 -0.00 0.00 -0.05 -0.08 0.05
0.010 0.00 -0.00 0.01 -0.01 0.10 0.06
0.010 0.00 0.00 0.00 0.21 0.02 0.14
0.010 0.00 -0.00 -0.01 0.01 -0.13 0.10
0.010 -0.00 0.00 -0.00 -0.10 -0.15 -0.02
0.010 0.00 -0.00 0.00 -0.02 0.09 0.11
0.010 0.00 -0.00 0.01 0.02 -0.15 0.11
0.010 0.00 0.01 0.00 0.13 -0.15 0.21
0.010 0.00 -0.00 0.01 0.13 -0.11 0.04
0.010 -0.00 -0.00 0.00 -0.05 0.16 0.11
0.010 0.00 -0.00 -0.00 -0.06 0.05 0.01
0.010 -0.00 -0.01 0.00 -0.09 0.05 0.08
0.010 -0.00 -0.00 -0.00 0.02 0.24 0.08
0.010 -0.00 0.00 0.00 -0.06 -0.42 0.04
0.010 0.00 0.01 -0.01 -0.02 0.12 0.07
0.010 -0.01 0.00 -0.00 0.03 0.35 -0.08
0.010 0.00 -0.01 0.01 0.13 0.29 -0.05
0.010 -0.00 -0.00 0.02 0.07 0.01 0.08
0.010 -0.00 -0.00 -0.00 -0.10 -0.32 -0.15
0.010 0.00 -0.00 -0.00 -0.21 -0.26 -0.03
0.010 0.00 -0.00 0.00 -0.10 -0.14 0.05
0.010 0.00 -0.00 -0.00 0.03 -0.06 -0.10
0.010 0.00 -0.01 0.00 0.01 0.21 -0.00
0.010 0.00 0.00 0.00 0.08 0.49 0.11
0.010 -0.01 -0.01 0.01 -0.37 0.03 0.07
0.010 -0.00 -0.01 0.00 -0.11 -1.66 0.14
0.010 0.02 -0.00 0.01 0.23 0.70 0.17
0.011 -0.00 -0.00 0.00 -0.07 0.19 0.15
0.010 -0.00 -0.01 0.01 -0.05 -0.37 0.10
0.010 0.01 -0.01 0.00 -0.06 0.14 -0.08
0.010 0.00 0.00 -0.01 -0.09 0.33 0.20
0.010 0.00 0.00 0.00 0.04 -0.32 0.17
0.010 0.00 -0.00 -0.00 0.03 -0.16 -0.05
0.010 -0.00 -0.00 -0.00 0.13 0.17 0.11
0.010 -0.00 -0.00 -0.01 -0.07 0.03 0.08
0.010 -0.00 0.00 0.00 0.09 -0.03 0.06
0.010 0.00 -0.01 0.00 0.13 -0.01 0.11
0.010 -0.00 -0.00 -0.01 0.04 0.05 0.03
0.010 0.01 0.00 0.00 0.19 0.90 0.04
0.010 -0.01 -0.01 0.01 0.25 0.58 0.24
0.010 -0.00 0.00 -0.00 0.11 0.30 0.17
0.010 0.01 -0.00 -0.00 0.11 0.54 0.18
0.010 -0.00 -0.00 -0.00 0.08 0.54 0.05
0.010 -0.01 0.00 0.01 -0.10 0.13 0.14
0.011 -0.01 -0.00 0.00 -0.01 -0.39 0.24
0.010 -0.00 -0.00 0.01 0.03 -0.13 0.34
0.010 -0.00 -0.00 0.01 -0.22 -0.70 0.31
0.010 0.01 0.01 0.00 -0.05 -0.48 0.31
0.010 -0.00 0.00 0.00 0.11 0.03 0.04
0.010 -0.00 -0.00 -0.00 -0.08 -0.35 0.18
0.010 0.01 0.00 -0.00 -0.02 -0.28 0.21
0.010 0.00 -0.00 0.00 -0.08 -0.29 0.23
0.010 0.00 0.00 -0.00 -0.02 -0.24 0.24
0.010 0.00 -0.00 -0.01 0.04 -0.61 0.38
0.010 -0.00 -0.00 0.01 -0.07 -0.04 0.43
0.010 0.01 0.01 0.01 -0.09 -0.13 0.05
0.010 0.00 0.01 0.00 0.07 -0.15 0.01
0.010 -0.00 0.00 0.00 0.08 0.15 -0.03
0.010 0.01 -0.00 0.01 0.17 0.29 -0.05
0.010 -0.00 -0.00 0.01 0.11 0.60 -0.11
0.010 0.04 0.04 -0.06 0.93 0.06 -0.35
0.010 0.01 0.01 -0.02 0.24 1.48 0.11
0.010 0.00 0.00 -0.01 0.20 0.56 0.28
0.010 -0.01 -0.00 0.01 0.18 -0.39 0.21
0.010 0.00 0.01 -0.01 -0.26 -0.52 0.32
0.010 0.01 -0.01 0.01 -0.12 -0.77 0.27
0.010 0.01 0.00 0.00 -0.02 0.48 0.38
0.010 0.00 -0.00 -0.01 -0.12 -0.41 0.28
0.010 0.00 -0.00 0.00 0.03 -0.49 0.11
0.010 0.01 0.00 -0.00 0.09 0.78 0.34
0.010 -0.00 -0.00 -0.01 0.06 0.26 0.36
0.010 -0.00 0.00 -0.01 -0.19 -0.64 0.24
0.010 -0.00 -0.00 0.01 -0.20 -0.45 0.29
0.010 0.01 -0.00 -0.01 0.03 0.58 0.32
0.010 0.00 0.00 -0.00 -0.17 -0.26 0.09
0.010 0.00 -0.00 0.00 -0.30 -1.04 0.05
0.010 0.00 -0.00 -0.00 0.05 -0.64 0.16
0.010 0.00 -0.01 -0.01 -0.08 -0.09 0.14
0.011 -0.01 -0.01 -0.00 -0.12 -0.37 0.21
0.010 0.00 -0.01 -0.01 -0.23 -0.25 0.41
0.010 0.01 -0.01 -0.00 -0.34 -0.46 0.40
0.010 -0.01 0.00 0.01 -0.47 -1.68 0.27
0.010 0.01 -0.01 -0.01 -0.35 -0.92 0.27
0.010 0.01 0.00 0.00 0.07 0.80 0.22
0.010 -0.01 0.00 0.01 -0.31 -1.97 0.22
0.010 -0.00 0.00 0.01 -0.57 -2.86 0.05
0.010 0.01 -0.00 -0.01 -0.31 -0.92 0.40
0.010 -0.00 -0.00 -0.00 -0.30 -1.48 0.49
0.010 0.00 0.00 -0.00 -0.37 -2.16 0.36
0.010 0.01 0.00 -0.01 -0.38 -1.83 0.25
0.010 -0.01 -0.01 0.00 -0.42 -2.14 0.67
0.010 0.00 0.00 0.00 -0.51 -1.70 1.32
0.010 0.01 -0.00 -0.01 -0.26 -1.50 1.37
0.010 0.01 -0.00 0.00 -0.36 -1.57 0.38
0.010 0.00 -0.00 -0.01 -0.47 -1.05 0.40
0.011 0.01 -0.01 -0.00 -0.00 -0.69 0.56
0.010 0.01 0.00 -0.00 -0.18 -0.09 0.31
0.010 0.01 -0.00 0.00 0.02 0.07 0.22
0.010 -0.01 0.00 0.00 0.08 -0.02 0.75
0.010 -0.00 0.00 -0.00 0.11 -1.07 0.95
0.010 -0.03 0.00 0.00 -0.00 -0.71 1.93
0.010 0.01 0.00 0.00 0.35 -0.14 2.39
0.010 0.02 -0.01 0.01 0.20 -0.81 1.79
0.010 0.00 -0.00 0.01 -0.07 -2.49 0.72
0.010 -0.01 -0.00 -0.00 0.20 -2.90 1.57
0.010 0.00 -0.01 0.01 0.24 -4.35 1.56
0.010 0.00 0.00 0.01 0.07 -3.72 1.00
0.010 -0.00 -0.01 0.02 0.57 -5.09 -0.25
0.010 0.03 -0.02 -0.00 1.14 -5.03 -0.98
0.010 0.00 -0.01 0.02 1.90 -5.19 -5.05
0.010 -0.00 -0.02 0.02 3.77 -8.99 -8.11
0.010 0.04 -0.00 0.01 5.68 -5.39 -9.37
0.010 0.00 0.02 -0.02 5.73 -3.68 -5.40
0.010 0.02 0.01 0.02 4.17 -8.61 -2.98
0.010 0.03 -0.02 0.01 5.64 -9.10 -3.56
0.010 0.02 0.01 -0.00 5.18 -12.27 -3.14
0.010 0.04 -0.01 0.03 5.80 -13.48 -4.84
0.010 0.01 0.00 0.02 6.78 -14.78 -4.61
0.010 -0.03 0.02 0.03 7.63 -18.86 -3.08
0.010 0.00 0.02 0.02 9.02 -19.11 -0.52
0.010 0.03 0.03 -0.00 9.89 -16.50 -0.07
0.010 0.02 0.03 -0.03 8.80 -15.81 -2.76
0.010 0.04 -0.00 -0.03 7.88 -14.81 -4.60
0.010 0.05 0.02 -0.03 7.32 -12.52 -5.37
0.010 0.08 0.03 -0.03 6.57 -7.21 -1.63
0.010 0.05 0.02 -0.02 5.71 -5.78 -0.70
0.010 0.04 0.03 -0.00 3.96 -8.42 -1.37
0.010 0.03 0.01 0.02 4.73 -9.61 -1.01
0.010 0.05 0.00 0.03 6.61 -10.33 -1.52
0.011 0.04 0.02 0.01 7.73 -11.91 -1.60
0.010 0.05 0.02 -0.00 8.61 -10.27 -0.66
0.010 0.05 0.03 -0.01 8.60 -8.85 -0.02
0.010 0.06 0.04 -0.01 7.00 -9.48 -1.83
0.010 0.05 0.03 0.01 5.40 -12.27 -1.98
0.010 0.05 0.04 -0.02 4.85 -10.91 -4.18
0.010 0.09 0.02 0.00 4.08 -12.29 -3.99
0.010 0.06 0.01 0.02 3.28 -14.71 -4.79
0.010 0.06 0.02 0.01 4.67 -15.25 -3.89
0.010 0.07 0.02 0.01 5.85 -14.79 -3.33
0.010 0.06 0.04 -0.00 4.81 -16.77 -3.76
0.010 0.09 0.03 -0.02 3.97 -17.55 -4.03
0.010 0.07 0.03 0.01 4.65 -15.27 -2.66
0.010 0.09 0.03 0.00 5.79 -14.56 -1.91
0.010 0.08 0.03 0.02 6.86 -16.87 -1.89
0.010 0.09 0.03 0.01 5.79 -21.39 -2.07
0.010 0.09 0.04 -0.01 5.44 -23.61 -1.72
0.011 0.10 0.03 -0.01 5.34 -20.30 0.31
0.010 0.09 0.04 -0.01 6.12 -16.31 1.27
0.010 0.09 0.06 0.01 5.30 -17.39 -1.19
0.010 0.11 0.06 -0.02 2.74 -19.36 -1.98
0.010 0.12 0.05 -0.04 0.85 -15.90 -0.24
0.010 0.12 0.05 -0.03 -0.08 -13.69 1.47
0.010 0.12 0.03 -0.02 -0.34 -15.62 0.66
0.010 0.13 0.04 -0.02 -0.71 -16.98 1.03
0.010 0.10 0.04 -0.01 -1.28 -16.22 2.17
0.010 0.10 0.03 0.00 -0.40 -14.16 2.48
0.010 0.11 0.02 0.02 0.60 -13.11 2.00
0.010 0.12 0.04 0.01 -0.22 -15.77 0.29
0.010 0.13 0.05 0.01 -1.76 -16.19 -0.19
0.010 0.13 0.04 0.01 -1.78 -13.47 1.12
0.010 0.14 0.05 0.00 -2.18 -11.57 2.50
0.010 0.14 0.03 0.00 -3.49 -14.28 1.05
0.010 0.15 0.04 -0.00 -3.28 -15.81 0.71
0.010 0.16 0.03 -0.01 -3.28 -18.52 0.50
0.010 0.16 0.03 -0.03 -3.19 -19.42 -0.22
0.010 0.13 0.03 -0.02 -2.68 -19.26 1.03
0.010 0.15 0.02 -0.03 -1.16 -15.91 1.98
0.010 0.13 0.03 0.00 -0.25 -17.47 1.31
0.010 0.15 0.03 -0.02 -0.76 -19.00 -0.76
0.010 0.18 0.02 -0.02 -1.13 -17.97 -1.15
0.010 0.18 0.03 0.01 -0.54 -18.04 1.50
0.010 0.16 0.04 -0.01 -1.16 -20.21 2.85
0.010 0.17 0.03 -0.02 -1.90 -19.77 1.76
0.010 0.17 0.03 -0.01 -1.32 -19.08 0.43
0.010 0.17 0.03 -0.00 -0.92 -20.39 -0.66
0.010 0.18 0.02 0.01 0.08 -21.90 -0.89
0.010 0.19 0.03 -0.00 0.83 -22.48 -0.83
0.010 0.18 0.04 -0.01 -0.40 -23.77 -0.15
0.010 0.19 0.05 -0.03 -3.96 -25.41 -0.85
0.010 0.19 0.05 -0.03 -6.04 -24.67 -1.00
0.011 0.19 0.04 -0.00 -6.04 -23.81 -0.36
0.010 0.20 0.03 -0.01 -5.27 -26.42 -2.20
0.010 0.21 0.02 -0.01 -4.05 -28.52 -3.50
0.010 0.22 0.02 -0.00 -2.01 -27.64 -3.23
0.010 0.22 0.03 -0.02 -2.03 -29.02 -3.17
0.010 0.22 0.04 -0.04 -4.49 -30.27 -4.02
0.010 0.24 0.04 -0.04 -5.98 -27.90 -3.45
0.010 0.24 0.02 -0.03 -6.92 -25.40 -2.73
0.010 0.25 0.04 -0.01 -8.16 -26.05 -2.31
0.010 0.25 0.04 -0.02 -10.29 -26.13 -1.20
0.010 0.25 0.03 -0.02 -13.37 -27.12 -0.90
0.010 0.24 0.04 -0.03 -15.95 -31.15 -2.02
0.010 0.25 0.02 -0.03 -16.02 -31.70 -3.23
0.010 0.26 0.01 -0.03 -15.82 -29.68 -3.63
0.010 0.26 0.01 -0.02 -14.63 -31.72 -4.89
0.010 0.27 0.02 -0.02 -14.23 -32.96 -5.08
0.010 0.28 -0.00 -0.03 -9.09 -33.78 -4.79
0.011 0.27 0.01 -0.05 -6.30 -35.63 -4.01
0.010 0.28 0.00 -0.07 -4.01 -34.78 -3.73
0.010 0.30 -0.00 -0.07 -1.53 -31.94 -4.03
0.010 0.30 -0.01 -0.05 1.33 -33.52 -4.92
0.010 0.33 0.01 -0.09 2.56 -32.26 -2.31
0.010 0.34 0.01 -0.10 2.49 -26.92 1.63
0.010 0.32 0.01 -0.08 -0.05 -26.61 1.92
0.010 0.31 0.00 -0.04 -1.41 -28.40 0.60
0.010 0.32 0.00 -0.04 -0.53 -28.03 -0.27
0.010 0.33 0.00 -0.05 -0.40 -27.09 -0.23
0.010 0.34 0.01 -0.05 -0.17 -25.64 -0.28
0.010 0.34 0.00 -0.06 -1.31 -28.37 -1.11
0.010 0.34 0.01 -0.07 -2.39 -30.82 -1.31
0.010 0.33 0.01 -0.10 -3.21 -31.11 -1.04
0.010 0.39 -0.01 -0.10 1.00 -27.58 2.82
0.010 0.37 -0.02 -0.08 5.96 -27.94 4.73
0.010 0.36 -0.00 -0.09 6.23 -28.68 4.35
0.010 0.36 -0.00 -0.09 4.39 -27.40 5.00
0.010 0.36 0.01 -0.09 3.68 -24.79 4.90
0.010 0.37 0.01 -0.06 2.85 -27.26 4.11
0.010 0.38 -0.00 -0.05 2.18 -31.08 3.82
0.010 0.37 0.02 -0.05 -5.54 -31.93 -2.83
0.010 0.32 0.05 -0.07 -7.48 -33.26 -3.89
0.010 0.37 0.03 -0.06 -7.87 -30.38 -2.70
0.010 0.39 0.03 -0.06 -8.37 -31.54 -2.60
0.010 0.41 0.03 -0.06 -8.24 -32.42 -3.43
0.010 0.41 0.02 -0.05 -8.09 -33.96 -4.37
0.010 0.41 0.02 -0.05 -8.85 -37.19 -5.02
0.010 0.43 -0.00 -0.07 -10.14 -41.77 -4.94
0.010 0.44 -0.00 -0.08 -10.23 -42.39 -4.63
0.010 0.41 0.00 -0.07 -9.53 -46.96 -3.89
0.010 0.43 -0.00 -0.07 -7.71 -53.26 -4.39
0.010 0.43 0.02 -0.07 -6.93 -57.19 -4.93
0.010 0.43 0.00 -0.08 -4.55 -61.44 -4.52
0.011 0.49 -0.01 -0.09 -3.79 -65.00 -5.40
0.010 0.55 -0.02 -0.11 -11.48 -58.84 -4.48
0.010 0.51 -0.04 -0.12 -4.88 -61.00 -5.50
0.010 0.55 -0.02 -0.18 3.92 -56.84 -5.63
0.010 0.53 -0.00 -0.17 2.22 -43.27 -5.40
0.010 0.49 0.00 -0.19 1.50 -37.68 -6.62
0.010 0.49 0.01 -0.18 0.43 -38.14 -6.58
0.010 0.50 -0.01 -0.19 -0.80 -39.64 -6.63
0.010 0.51 0.01 -0.21 -2.82 -36.61 -6.10
0.010 0.51 0.01 -0.20 -4.59 -35.51 -4.46
0.010 0.53 -0.00 -0.20 -5.25 -36.66 -3.95
0.010 0.51 -0.01 -0.17 -5.93 -43.76 -4.15
0.010 0.53 -0.00 -0.18 -6.11 -53.98 -3.80
0.010 0.55 -0.00 -0.19 -5.93 -57.61 -2.96
0.010 0.54 0.00 -0.19 -6.43 -60.32 -2.15
0.010 0.56 0.00 -0.21 -7.13 -62.92 -2.11
0.010 0.60 -0.01 -0.25 -6.80 -56.55 -0.87
0.011 0.60 -0.01 -0.25 -6.53 -46.31 -1.01
0.010 0.61 -0.00 -0.25 -6.50 -38.65 -0.75
0.010 0.61 -0.01 -0.24 -5.66 -34.43 -0.61
0.010 0.61 -0.01 -0.22 -5.26 -32.26 -1.11
0.010 0.59 0.00 -0.21 -6.05 -34.91 0.43
0.010 0.60 -0.01 -0.22 -5.97 -38.03 0.19
0.010 0.62 -0.02 -0.22 -5.31 -37.49 0.40
0.010 0.60 -0.01 -0.22 -4.22 -39.56 0.98
0.010 0.62 -0.01 -0.23 -3.34 -42.27 1.69
0.010 0.64 -0.01 -0.24 -2.84 -40.55 2.00
0.010 0.65 -0.02 -0.25 -2.95 -39.05 1.21
0.010 0.66 -0.02 -0.26 -3.50 -38.05 0.33
0.010 0.68 -0.02 -0.30 -4.44 -31.32 -0.19
0.010 0.67 -0.02 -0.30 -4.58 -26.69 -0.59
0.010 0.65 -0.01 -0.31 -5.18 -24.19 -0.47
0.010 0.67 -0.02 -0.30 -5.15 -23.70 -0.58
0.010 0.65 -0.01 -0.27 -5.22 -25.64 -0.31
0.010 0.66 -0.01 -0.25 -4.92 -26.95 0.39
0.010 0.68 -0.02 -0.26 -5.38 -26.55 1.08
0.010 0.68 -0.01 -0.28 -5.68 -27.52 1.43
0.010 0.69 -0.02 -0.28 -5.72 -27.45 1.20
0.010 0.69 -0.02 -0.29 -5.80 -26.58 2.34
0.010 0.68 -0.01 -0.30 -6.72 -29.81 1.30
0.010 0.71 -0.04 -0.30 -6.23 -25.13 1.39
0.010 0.71 -0.02 -0.30 -5.02 -20.81 1.63
0.010 0.71 -0.03 -0.28 -3.56 -18.12 1.50
0.010 0.69 -0.02 -0.27 -3.40 -20.92 1.63
0.010 0.70 -0.02 -0.28 -4.36 -26.73 1.34
0.010 0.72 -0.03 -0.28 -3.91 -27.26 0.80
0.010 0.71 -0.03 -0.30 -2.46 -27.99 0.88
0.010 0.69 -0.04 -0.28 -2.24 -35.28 1.10
0.010 0.71 -0.02 -0.30 -1.64 -41.29 1.22
0.010 0.73 -0.03 -0.34 -1.65 -40.43 1.15
0.010 0.69 -0.02 -0.32 -2.95 -44.39 1.55
0.011 0.77 -0.05 -0.36 -2.78 -37.61 1.27
0.010 0.74 -0.03 -0.36 -2.78 -34.45 0.83
0.010 0.72 -0.03 -0.33 -3.02 -41.61 0.52
0.010 0.74 -0.04 -0.34 -3.24 -46.97 0.57
0.010 0.75 -0.03 -0.35 -3.28 -48.68 0.53
0.010 0.77 -0.03 -0.39 -3.73 -44.66 0.69
0.010 0.77 -0.04 -0.38 -3.11 -37.05 1.08
0.010 0.80 -0.05 -0.40 -2.20 -28.70 -0.11
0.010 0.80 -0.03 -0.39 -1.91 -23.20 -1.12
0.010 0.80 -0.03 -0.40 -2.27 -20.55 -1.77
0.010 0.78 -0.02 -0.38 -2.63 -19.71 -1.63
0.010 0.79 -0.02 -0.38 -2.53 -18.87 -0.67
0.010 0.82 -0.04 -0.39 -1.50 -12.13 -0.02
0.010 0.81 -0.04 -0.41 -1.03 -5.42 -0.39
0.010 0.78 -0.03 -0.39 -1.18 -5.18 -0.59
0.010 0.79 -0.03 -0.40 -1.13 -5.32 -0.45
0.010 0.77 -0.03 -0.38 -1.31 -5.26 -0.05
0.011 0.77 -0.03 -0.37 -1.80 -10.03 0.31
0.010 0.77 -0.03 -0.37 -2.39 -14.19 0.27
0.010 0.76 -0.02 -0.37 -3.76 -20.23 0.94
0.010 0.78 -0.04 -0.40 -3.98 -23.74 1.19
0.010 0.82 -0.04 -0.43 -3.44 -17.54 1.35
0.010 0.79 -0.05 -0.42 -2.83 -13.68 1.20
0.010 0.81 -0.03 -0.41 -2.69 -12.67 0.76
0.010 0.82 -0.04 -0.43 -2.90 -10.24 -0.18
0.010 0.81 -0.04 -0.41 -2.44 -8.74 -0.28
0.010 0.80 -0.03 -0.40 -1.45 -7.58 -0.11
0.010 0.80 -0.03 -0.40 -0.78 -5.97 0.11
0.010 0.79 -0.04 -0.40 -0.78 -5.00 -0.07
0.010 0.78 -0.04 -0.40 -0.91 -7.72 -0.15
0.010 0.81 -0.05 -0.42 -0.82 -8.24 -0.57
0.010 0.83 -0.05 -0.44 -0.29 -3.84 -0.95
0.010 0.82 -0.05 -0.43 -0.26 -1.03 -1.60
0.010 0.82 -0.03 -0.41 -0.29 0.69 -1.61
0.010 0.79 -0.02 -0.38 -0.67 -5.13 -1.69
0.010 0.80 -0.03 -0.42 -0.80 -8.03 -0.78
0.010 0.80 -0.05 -0.44 -2.21 -7.35 -0.26
0.010 0.78 -0.02 -0.42 -2.00 -5.97 0.28
0.010 0.81 -0.05 -0.43 -1.69 -0.25 0.54
0.010 0.79 -0.04 -0.42 -1.40 0.54 0.66
0.010 0.79 -0.03 -0.40 -0.62 -3.48 0.88
0.010 0.80 -0.04 -0.42 -0.98 -5.95 1.10
0.010 0.81 -0.04 -0.43 -0.79 -4.03 1.60
0.010 0.84 -0.05 -0.44 -0.11 0.48 1.63
0.010 0.83 -0.05 -0.43 0.11 3.55 1.04
0.010 0.82 -0.04 -0.42 0.35 4.36 0.73
0.010 0.83 -0.04 -0.43 0.54 7.57 0.86
0.010 0.82 -0.04 -0.42 0.70 9.74 0.94
0.010 0.81 -0.03 -0.41 0.96 10.20 0.89
0.010 0.79 -0.03 -0.40 1.20 8.19 0.82
0.010 0.81 -0.04 -0.42 0.98 9.18 0.82
0.011 0.81 -0.05 -0.41 0.59 9.22 0.36
0.010 0.80 -0.04 -0.43 0.08 7.86 0.55
0.010 0.80 -0.04 -0.42 -0.21 8.84 0.38
0.010 0.79 -0.03 -0.40 -0.00 10.60 0.59
0.010 0.80 -0.04 -0.40 0.21 11.23 0.36
0.010 0.82 -0.04 -0.41 1.08 14.27 0.38
0.010 0.81 -0.04 -0.40 1.59 17.09 0.18
0.010 0.79 -0.03 -0.39 1.39 13.03 0.21
0.010 0.79 -0.03 -0.39 1.21 7.18 0.12
0.010 0.80 -0.05 -0.41 1.36 7.96 0.11
0.010 0.81 -0.05 -0.42 1.66 11.45 -0.86
0.010 0.81 -0.05 -0.43 2.26 15.29 -1.15
0.010 0.79 -0.04 -0.41 2.50 19.44 -1.21
0.010 0.78 -0.04 -0.39 3.80 20.73 -1.05
0.010 0.77 -0.03 -0.37 2.25 21.10 -0.34
0.010 0.78 -0.03 -0.37 2.95 22.16 0.14
0.010 0.78 -0.04 -0.36 3.20 20.65 -0.89
0.011 0.77 -0.03 -0.36 3.23 15.04 -1.39
0.010 0.79 -0.04 -0.40 3.24 13.81 -1.90
0.010 0.79 -0.05 -0.42 3.80 18.38 -2.23
0.010 0.76 -0.04 -0.38 3.79 20.35 -2.50
0.010 0.76 -0.03 -0.37 3.47 20.16 -2.13
0.010 0.76 -0.03 -0.37 3.09 22.77 -1.57
0.010 0.74 -0.03 -0.35 2.22 22.26 -0.86
0.010 0.75 -0.02 -0.35 1.00 17.86 -0.98
0.010 0.77 -0.03 -0.38 -0.10 19.61 -0.69
0.010 0.78 -0.04 -0.39 0.11 26.89 -0.76
0.010 0.74 -0.03 -0.35 -0.02 29.18 -0.73
0.010 0.74 -0.02 -0.34 -0.68 27.57 -0.47
0.010 0.76 -0.04 -0.37 0.82 29.28 0.03
0.010 0.77 -0.05 -0.37 0.77 35.88 -0.24
0.010 0.77 -0.04 -0.37 0.11 45.25 -0.19
0.010 0.76 -0.05 -0.36 0.33 57.52 0.50
0.010 0.76 -0.05 -0.34 1.14 67.19 -0.49
0.010 0.69 -0.03 -0.28 0.14 57.90 -1.31
0.010 0.67 -0.01 -0.26 -0.45 42.39 -2.55
0.010 0.70 -0.03 -0.30 0.37 37.34 -2.73
0.010 0.70 -0.04 -0.30 2.39 39.48 -2.87
0.010 0.68 -0.03 -0.29 4.18 38.44 -2.76
0.010 0.69 -0.03 -0.30 5.55 39.57 -2.47
0.010 0.69 -0.03 -0.31 6.52 46.70 -2.43
0.010 0.67 -0.03 -0.30 6.49 52.62 -1.75
0.010 0.66 -0.02 -0.29 6.90 56.07 -0.84
0.010 0.66 -0.02 -0.31 7.32 65.05 0.93
0.010 0.66 -0.02 -0.29 8.21 78.11 1.79
0.010 0.64 -0.02 -0.28 8.12 83.42 1.57
0.010 0.63 -0.02 -0.26 7.18 82.26 0.50
0.010 0.64 -0.04 -0.24 6.31 76.58 -0.92
0.010 0.59 -0.03 -0.20 5.98 65.57 -1.79
0.010 0.56 -0.02 -0.16 5.88 50.26 -1.10
0.010 0.61 -0.04 -0.18 6.57 44.11 -2.07
0.011 0.59 -0.01 -0.22 3.17 48.08 -0.84
0.010 0.57 -0.03 -0.20 3.62 54.60 0.96
0.010 0.57 -0.01 -0.21 3.55 65.19 2.18
0.010 0.55 0.00 -0.19 1.90 71.07 3.08
0.010 0.53 -0.00 -0.15 -0.30 62.35 2.79
0.010 0.56 -0.01 -0.15 -1.31 52.69 1.80
0.010 0.59 -0.03 -0.18 -1.40 51.65 0.47
0.010 0.56 -0.02 -0.18 -1.61 54.14 0.20
0.010 0.51 -0.02 -0.14 -1.92 49.65 -0.14
0.010 0.49 -0.01 -0.13 -2.44 43.36 -0.10
0.010 0.48 0.00 -0.11 -2.74 38.30 0.99
0.010 0.47 -0.02 -0.11 -2.27 34.03 2.09
0.010 0.47 -0.01 -0.11 -1.34 31.89 3.23
0.010 0.49 -0.02 -0.13 -0.93 32.01 3.71
0.010 0.48 -0.01 -0.13 -0.79 31.36 3.68
0.010 0.48 -0.01 -0.13 -0.39 30.91 3.98
0.010 0.50 -0.03 -0.15 -0.37 36.68 3.90
0.011 0.50 -0.04 -0.15 -0.08 41.33 2.25
0.010 0.46 -0.02 -0.11 0.39 39.71 2.36
0.010 0.47 -0.02 -0.13 -0.26 36.76 1.33
0.010 0.46 -0.01 -0.10 -0.22 35.23 0.89
0.010 0.45 -0.02 -0.12 -0.56 37.70 1.24
0.010 0.45 -0.02 -0.13 -0.84 42.94 2.17
0.010 0.44 -0.01 -0.11 -1.30 46.72 2.63
0.010 0.42 -0.02 -0.10 -1.63 44.79 2.56
0.010 0.46 -0.03 -0.13 -2.56 48.10 2.35
0.010 0.42 -0.03 -0.09 -1.71 51.32 2.73
0.010 0.41 -0.02 -0.10 -1.84 52.61 2.98
0.010 0.40 -0.01 -0.08 -2.17 51.37 3.43
0.010 0.40 -0.03 -0.08 -2.47 52.71 3.15
0.010 0.38 -0.02 -0.06 -3.08 48.14 2.43
0.010 0.35 -0.03 -0.05 -3.33 37.66 0.99
0.010 0.36 -0.02 -0.05 -3.45 29.39 0.85
0.010 0.39 -0.02 -0.09 -2.72 30.80 1.32
0.010 0.37 -0.03 -0.08 -1.85 35.81 1.78
0.010 0.36 -0.03 -0.09 -1.41 41.95 2.46
0.010 0.34 -0.01 -0.10 -0.61 43.88 2.09
0.010 0.31 -0.02 -0.06 -1.50 39.50 2.42
0.010 0.32 -0.03 -0.06 -0.22 37.39 2.32
0.010 0.32 -0.03 -0.05 0.15 37.15 1.61
0.010 0.30 -0.02 -0.03 -0.05 31.29 1.01
0.010 0.30 -0.02 -0.04 -0.47 25.80 0.66
0.010 0.33 -0.04 -0.08 0.60 28.64 1.32
0.010 0.32 -0.03 -0.08 0.77 35.88 2.02
0.010 0.29 -0.03 -0.05 1.08 36.77 2.70
0.010 0.28 -0.04 -0.03 0.93 33.27 2.82
0.010 0.31 -0.04 -0.05 0.95 33.68 2.83
0.010 0.29 -0.03 -0.06 0.64 39.52 3.33
0.010 0.29 -0.02 -0.08 -0.30 46.88 4.18
0.010 0.27 -0.03 -0.04 -0.78 47.97 3.65
0.010 0.26 -0.04 -0.05 -1.31 41.46 1.89
0.011 0.27 -0.05 -0.04 -1.37 40.94 1.71
0.010 0.26 -0.04 -0.04 -0.23 46.61 0.98
0.010 0.22 -0.03 -0.00 1.20 43.97 1.76
0.010 0.22 -0.04 -0.01 1.76 42.13 1.88
0.010 0.22 -0.03 -0.02 2.69 47.55 2.95
0.010 0.22 -0.02 -0.03 2.65 55.80 4.19
0.010 0.21 -0.03 -0.01 3.41 61.36 4.39
0.010 0.22 -0.02 -0.05 3.90 61.85 4.04
0.010 0.17 -0.03 -0.01 3.60 60.55 3.79
0.010 0.16 -0.02 -0.01 3.42 57.18 4.23
0.010 0.15 -0.04 0.02 4.13 49.42 3.02
0.010 0.17 -0.02 -0.04 4.35 48.39 2.74
0.010 0.15 -0.03 -0.03 3.35 50.10 2.45
0.010 0.15 -0.02 -0.04 3.30 54.90 3.40
0.010 0.14 -0.02 -0.03 3.80 60.89 3.63
0.010 0.12 -0.03 0.01 4.09 57.43 3.40
0.010 0.10 -0.03 0.03 4.11 47.74 2.24
0.011 0.10 -0.02 -0.02 3.83 42.92 1.92
0.010 0.09 -0.02 -0.01 2.66 39.87 1.36
0.010 0.08 -0.02 0.00 0.87 32.88 0.28
0.010 0.08 -0.03 0.01 0.42 24.00 -0.92
